;len;Скорость;Широта;Долгота;Вес мгновенный;Продольный наклон;Поперечный наклон;Высота;Уровень топлива, литры;Уровень топлива, проценты;путь;ДВС.Расход топлива;Ускорение по оси X;Ускорение по оси Y;Ускорение по оси Z;Статус самосвала;Самосвал;Модель самосвала;Грузоподъемность;Обороты двигателя;Расчетный выходной крутящий момент двигателя (в процентах от эталонного);Текущая нагрузка двигателя;Давление в левой передней шине;Температура в левой передней шине;Давление в правой передней шине;Температура в правой передней шине;Давление в левой задней внешней шине;Температура в левой задней внешней шине;Давление в левой задней внутренней шине;Температура в левой задней внутренней шине;Давление в правой задней внутренней шине;Температура в правой задней внутренней шине;Давление в правой задней внешней шине;Температура в правой задней внешней шине;Расход топлива;Давление левый передний цилиндр;Давление правый передний цилиндр;Давление левый задний цилиндр;Давление правый задний цилиндр;уклон;azimut;isin_border;Давление левый передний цилиндр_;Давление правый передний цилиндр_;Давление левый задний цилиндр_;Давление правый задний цилиндр_;point;nom_point;уровень давления впереди,МПа;уровень давления сзади,МПа;рекомендованная скорость_turns;Поворот влево;Поворот вправо;centr;radius;подъем;спуск;рекомендованная скорость_min;рекомендованная скорость_max
0;0.0;6.0;53.7230438;86.8415334;190.0;8.373285944071592;-0.5970514938246176;-0.24210910417806947;2075.0;70.8;0.0;115.65;0.0764759865402263;-0.9737942286122158;-0.1437748546956255;Груженный движется вперед;95;7530G;240;1545.0;31.0;31.5;764.0;22.0;768.0;22.0;852.0;37.0;840.0;34.0;48.0;36.0;856.0;40.0;0.1285;5.7;7.1;9.2;11.7;7.002103652043406;0.17852775419103573;0;7.6;7.6;10.6;10.6;-;0;7.6;10.6;0.0;0;0;-;0.0;0;0;0.0;0.0
1;10.0;7.0;53.7230591;86.8416767;188.0;4.091594373552374;0.024830874093672572;0.8826435378159523;2075.0;71.2;9.591270066384208;340.5;-0.0326297542571632;-1.0400734169470789;-0.0744366268991536;Груженный движется вперед;95;7530G;240;1519.0;90.5;92.5;764.0;22.0;768.0;22.0;852.0;37.0;840.0;34.0;48.0;36.0;856.0;40.0;0.6014166666666667;6.9;7.0;12.5;8.2;6.7274285303334835;0.29248621936658936;0;7.6;7.6;10.6;10.6;-;0;7.6;10.6;0.0;0;0;-;0.0;0;0;0.0;0.0
2;18.0;7.0;53.7230813;86.8418013;190.0;7.961206226366115;0.5112973423200491;2.0381738312772804;2075.0;70.8;8.57111521892615;316.375;-0.0056082390129499;-0.9697155093300704;-0.1356174161313347;Груженный движется вперед;95;7530G;240;1672.0;79.0;81.0;764.0;22.0;768.0;22.0;852.0;37.0;840.0;34.0;48.0;36.0;856.0;40.0;0.9529444444444444;6.9;5.7;11.1;11.2;6.478494966081153;0.5917243452195208;0;7.6;7.6;10.6;10.6;-;0;7.6;10.6;0.0;0;0;-;0.0;0;0;0.0;0.0
3;25.0;9.0;53.7231151;86.8418863;190.0;7.193864840128126;0.8727943478814764;3.2237253168287663;2075.0;71.6;6.745630886924949;292.55;-0.0356887937187723;-0.9768532680738248;-0.1233812582848985;Груженный движется вперед;95;7530G;240;1568.0;76.0;77.0;764.0;22.0;768.0;22.0;852.0;37.0;840.0;34.0;48.0;36.0;856.0;40.0;1.278;7.5;7.9;14.6;9.3;6.253316731948909;0.5039952531238674;0;7.6;7.6;15.37;10.6;point_30%;1;7.6;10.6;0.0;0;0;-;0.0;0;0;0.0;0.0
4;36.0;9.0;53.7231647;86.8420383;189.5;6.947556144737528;1.119768327804919;4.438541535093259;2075.0;72.0;11.43348999871601;359.73749999999995;-0.0397675130009176;-1.00336494340777;-0.1223615784643621;Груженный движется вперед;95;7530G;240;1676.5;89.0;91.25;764.0;22.0;768.0;22.0;852.0;37.0;840.0;34.0;48.0;36.0;856.0;40.0;1.6777083333333334;7.7;4.5;11.2;11.4;6.049907600599249;0.4956075830506721;0;7.6;7.6;15.37;10.6;point_30%;1;7.6;10.6;0.0;0;0;-;0.0;0;0;0.0;0.0
5;50.0;9.0;53.7232249;86.8422265;187.0;3.333453395498347;1.2626657191173418;5.681866026693614;2075.0;72.4;14.091756277714312;345.4;-0.0530233506678902;-1.0665850922810238;-0.0622004690527174;Груженный движется вперед;95;7530G;240;1691.0;84.5;87.0;764.0;22.0;768.0;22.0;852.0;37.0;840.0;34.0;48.0;36.0;856.0;40.0;2.1574305555555555;6.9;7.3;14.4;6.0;5.8662813446946664;0.4111460667819107;0;7.6;7.6;15.37;10.6;point_30%;1;7.6;10.6;0.0;0;0;-;0.0;0;0;0.0;0.0
6;63.0;10.0;53.7232694;86.842399;189.0;5.989433278591713;1.3119329588457087;6.952942332252677;2075.0;72.4;12.395068756638576;314.225;0.0112164780258998;-0.9523809523809524;-0.0999286224125624;Груженный движется вперед;95;7530G;240;1656.0;79.0;81.0;764.0;22.0;768.0;22.0;852.0;37.0;840.0;34.0;48.0;36.0;856.0;40.0;2.5938541666666666;8.6;6.4;10.3;13.5;5.700451736897658;0.38323532817768413;0;7.6;7.6;15.37;10.6;point_30%;1;7.6;10.6;0.0;0;0;-;0.0;0;0;0.0;0.0
7;75.0;12.0;53.7233095;86.8425671;186.0;1.8193038697680588;1.2780164840169843;8.251013992393302;2075.0;71.6;11.938285615518517;300.475;0.0825940654634444;-0.9595187111247068;-0.0305903946160905;Груженный движется вперед;95;7530G;240;1575.5;77.0;78.5;764.0;22.0;768.0;22.0;852.0;37.0;840.1090909090909;34.0;48.0;36.0;856.0;40.0;3.178111111111111;6.9;7.8;16.0;11.7;5.550432549870719;0.40777262172008344;0;7.6;7.6;15.37;10.6;point_30%;1;7.6;10.6;0.0;0;0;-;0.0;0;0;0.0;0.0
8;99.0;9.0;53.7233974;86.842911;186.0;8.522018067214146;1.1713627316581334;9.57532454773834;2075.0;72.0;24.67486986793124;421.3;0.0622004690527174;-0.9574793514836342;-0.1437748546956255;Груженный движется вперед;95;7530G;240;1824.0;90.0;99.0;764.0;22.0;768.0;22.0;852.0;37.0;840.2545454545455;34.0;48.0;36.0;856.0;40.0;3.646222222222222;7.0;5.7;11.4;11.4;5.414237556276348;0.46481268399116926;0;7.6;7.6;10.6;10.6;-;0;7.6;10.6;0.0;0;0;-;0.0;0;0;0.0;0.0
9;110.0;9.0;53.7234406;86.8430566;186.0;7.418546187669502;1.0024181387961202;10.925117538910643;2075.0;71.6;10.72846777810302;401.625;0.0846334251045171;-0.9595187111247068;-0.1254206179259712;Груженный движется вперед;95;7530G;240;1808.0;89.0;90.0;764.0;22.0;768.0;22.0;852.0;37.0;840.4;34.0;48.0;36.0;856.0;40.0;4.092472222222222;6.8;6.6;10.6;10.9;5.2898805287770365;0.909761927898071;0;7.6;7.6;10.6;10.6;-;0;7.6;10.6;0.0;0;0;-;0.0;0;0;0.0;0.0
10;122.0;11.0;53.723522;86.8431636;183.0;3.3726166423742376;0.78162914245791;12.299636506533059;2075.0;71.6;11.47967065056138;321.625;0.1029876618741715;-0.9982665443050882;-0.0591414295911083;Груженный движется вперед;95;7530G;240;1740.0;78.0;79.0;764.0;22.0;768.0;22.0;852.0;37.0;840.5454545454545;34.0;48.0;36.0;856.0;40.0;4.449833333333333;7.1;6.4;6.5;15.4;5.175375240035283;1.5460004355119576;0;7.6;7.6;10.6;15.37;point_30%;2;7.6;10.6;0.0;0;0;-;0.0;0;0;0.0;0.0
11;137.0;12.0;53.7236556;86.8431692;188.0;4.661425323804659;0.5194421796704658;13.69812499122844;2075.0;71.6;14.877109072810132;356.325;0.0173345569491179;-1.0003059039461608;-0.0815743856429081;Груженный движется вперед;95;7530G;240;1742.0;85.0;89.0;764.042105263158;22.010526315789477;768.0;22.0;852.0;37.0;840.6909090909091;34.0;48.0;36.0;856.0;40.0;4.944729166666667;8.6;4.6;9.2;13.3;5.068735462713583;1.9646793413901547;0;7.6;7.6;10.6;10.6;-;0;7.6;10.6;0.0;0;0;-;0.0;0;0;0.0;0.0
12;151.0;15.0;53.7237759;86.8430847;189.0;4.141581198090076;0.2263036874607547;15.119826533619637;2075.0;72.0;14.502480452213442;418.025;-0.0326297542571632;-0.9992862241256244;-0.0723972672580809;Груженный движется вперед;95;7530G;240;1825.0;89.0;99.5;764.098245614035;22.02456140350877;768.0;22.0;852.0;37.0;840.8363636363636;34.0;48.0;36.0;856.0;40.0;5.409201388888889;6.5;6.4;11.9;8.6;4.967974969474432;1.8594942823378036;0;7.6;7.6;10.6;10.6;-;0;7.6;10.6;0.0;0;0;-;0.0;0;0;0.0;0.0
13;169.0;15.0;53.7239293;86.8430077;190.0;5.717679648289557;-0.08733989714426353;16.56398467432981;2075.0;72.4;17.81392416922462;365.65;-0.0397675130009177;-0.9972468644845518;-0.0999286224125624;Груженный движется вперед;95;7530G;240;1760.0;83.0;89.5;764.1543859649123;22.03859649122807;768.0;22.0;852.0;37.0;840.9818181818182;34.0;48.0;36.0;856.0;40.0;5.815479166666666;7.3;5.0;11.7;8.8;4.871107532980417;1.7983123924265128;0;7.6;7.6;10.6;10.6;-;0;7.6;10.6;0.0;0;0;-;0.0;0;0;0.0;0.0
14;186.0;15.0;53.7240765;86.8429501;188.0;5.644717957487188;-0.005668448359642142;18.032950191571214;2075.0;72.0;16.81996403966168;400.45;-0.0091771183848271;-0.9697155093300704;-0.095849903130417;Груженный движется вперед;95;7530G;240;1830.0;85.0;100.0;764.2105263157895;22.05263157894737;768.0;22.0;852.0;37.0;841.1272727272727;34.0;48.0;36.0;856.0;40.0;6.260423611111111;5.6;7.3;15.7;6.9;4.836136129487663;1.5813825139802393;0;7.6;7.6;15.37;10.6;point_30%;3;7.6;10.6;0.0;0;0;-;0.0;0;0;0.0;0.0
15;202.0;15.0;53.7242274;86.8429474;188.0;4.843834990768374;-0.2558751157468102;19.51111111111147;2075.0;71.6;16.799336923098487;402.55;-0.0356887937187723;-0.986030386458652;-0.0836137452839808;Груженный движется вперед;95;7530G;240;1830.0;85.0;100.0;764.2666666666667;22.066666666666663;768.0;22.0;852.0;37.0;841.2727272727273;34.0;48.0;36.0;856.0;40.0;6.595881944444444;6.9;5.9;13.0;7.8;4.631056814985066;1.4786219781641343;0;7.6;7.6;15.37;10.6;point_30%;3;7.6;10.6;0.0;0;0;-;0.0;0;0;0.0;0.0
16;219.0;14.0;53.7243791;86.8429711;189.0;5.8424404542170825;-0.4775309466346804;21.04521072796974;2075.0;71.6;16.959446634630915;402.25;-0.0550627103089629;-0.9850107066381156;-0.1009483022330988;Груженный движется вперед;95;7530G;240;1829.0;85.0;100.0;764.3228070175439;22.080701754385963;768.0;22.0;852.0;37.0;841.4181818181819;34.0;48.0;36.0;856.0;40.0;7.042826388888888;6.6;5.7;14.9;7.3;4.608884310841965;1.1233033915860886;0;7.6;7.6;15.37;10.6;point_30%;3;7.6;10.6;0.0;0;0;-;0.0;0;0;0.0;0.0
17;236.0;13.0;53.7245147;86.8430811;188.0;5.150828806058111;-0.9121466902657989;22.615325670498503;2075.0;72.0;16.743873734785407;422.0;-0.0479249515652085;-0.9829713469970428;-0.0887121443866625;Груженный движется вперед;95;7530G;240;1825.0;90.0;100.0;764.378947368421;22.094736842105263;768.0;22.0;852.0;37.0;841.5636363636363;34.0;48.0;36.0;856.0;40.0;7.511715277777776;7.0;6.0;15.2;9.8;4.501510788975327;1.3148611261993213;0;7.6;7.6;15.37;10.6;point_30%;3;7.6;10.6;0.0;0;0;-;0.0;0;0;0.0;0.0
18;252.0;18.0;53.7246524;86.843142;188.0;4.552194571738037;-1.270023942288523;24.155555555556003;2075.0;72.4;15.845077297268888;171.55;-0.0331395941674314;-0.9727745487916796;-0.0774956663607627;Груженный движется вперед;95;7530G;240;1686.5;44.0;43.0;764.4350877192983;22.108771929824563;768.0;22.0;852.0;37.0;841.709090909091;34.0;48.0;36.0;856.0;40.0;7.749979166666665;7.9;6.3;12.1;8.8;4.44997817084281;1.1808222221184557;0;7.6;7.6;10.6;10.6;-;0;7.6;10.6;0.0;0;0;-;0.0;0;0;0.0;0.0
19;272.0;17.0;53.7248201;86.8432585;186.0;2.3977956271390277;-1.8131113622499093;25.731800766284003;2075.0;72.4;20.18404090237574;123.95;-0.0163148771285816;-0.9982665443050882;-0.0418068726419904;Груженный движется вперед;95;7530G;240;1267.0;50.0;53.5;764.4912280701755;22.12280701754386;768.0;22.0;852.0;37.0;841.8545454545455;34.0;48.0;36.0;856.0;40.0;7.887701388888887;7.8;8.4;12.3;7.9;4.18562305659536;1.201565295469041;0;7.6;7.6;10.6;10.6;-;0;7.6;10.6;0.0;0;0;-;0.0;0;0;0.0;0.0
20;290.0;17.0;53.7249681;86.8433553;187.0;4.974987208693385;-2.153600876388225;27.297318007663343;2075.0;72.8;17.66617749602217;430.475;-0.0010196798205363;-0.9605383909452432;-0.0836137452839808;Груженный движется вперед;95;7530G;240;1780.0;98.0;100.0;764.5473684210526;22.13684210526316;768.0;22.0;852.0;37.0;842.0;34.0;48.0;36.0;856.0;40.0;8.48558333333333;7.1;6.9;12.8;8.8;4.016445186598467;1.3400453384063984;1;7.6;7.6;10.6;10.6;-;0;7.6;10.6;0.0;0;0;-;0.0;0;0;0.0;0.0
21;314.0;21.0;53.7251804;86.8434396;187.0;2.892886804876162;-2.353965705525341;28.849808429119307;2075.0;72.8;24.27699526063609;435.125;-0.0657693484245946;-1.047211175690833;-0.0530233506678902;Груженный движется вперед;95;7530G;240;1815.0;95.0;100.0;764.6035087719298;22.150877192982456;768.0;22.0;852.0;37.0;842.1454545454545;34.0;48.0;36.0;856.0;40.0;8.848187499999998;7.7;6.1;12.8;8.6;3.6421247210911822;1.3389357541796614;1;7.6;7.6;10.6;10.6;-;0;7.6;10.6;0.0;0;0;-;0.0;0;0;0.0;0.0
22;339.0;22.0;53.7253934;86.8435246;187.0;3.417518773513385;-2.4339285546416978;30.431417624521632;2075.0;73.2;24.3634079944914;398.45;-0.0448659121035994;-1.006423982869379;-0.0601611094116447;Груженный движется вперед;95;7530G;240;1830.0;84.0;99.0;764.659649122807;22.16491228070176;768.0;22.0;852.0;37.0;842.290909090909;34.0;48.0;36.0;856.0;40.0;9.29090972222222;7.9;6.0;12.5;8.8;3.5949880586648373;1.0831794046819048;1;7.6;7.6;10.6;10.6;-;0;7.6;10.6;0.0;0;0;-;0.0;0;0;0.0;0.0
23;370.0;24.0;53.7256404;86.843746;187.0;2.9485074594702643;-2.4513994028855244;32.038314176245805;2075.0;72.8;31.123825559988603;402.25;0.0183542367696543;-1.009483022330988;-0.0520036708473539;Груженный движется вперед;95;7530G;240;1829.0;85.0;100.0;764.7157894736843;22.178947368421053;768.0;22.0;852.0;37.0;842.4363636363637;34.0;48.0;36.0;856.0;40.0;9.737854166666663;7.5;6.9;10.9;10.2;3.687265746011535;1.2543659161413199;1;7.6;7.6;10.6;10.6;-;0;7.6;10.6;0.0;0;0;-;0.0;0;0;0.0;0.0
24;396.0;24.0;53.7258697;86.8438729;189.0;2.797603518805131;-2.15815695776713;33.73333333333396;2075.0;72.8;26.859513560963745;402.25;-0.0509839910268175;-1.0003059039461608;-0.0489446313857448;Груженный движется вперед;95;7530G;240;1830.0;85.0;100.0;764.7719298245614;22.19298245614035;768.0;22.0;852.0;37.0;842.5818181818181;34.0;48.0;36.0;856.0;40.0;10.29653472222222;7.3;6.4;13.0;8.7;3.4841083969979803;1.207362373229531;1;7.6;7.6;10.6;10.6;-;0;7.6;10.6;0.0;0;0;-;0.0;0;0;0.0;0.0
25;431.0;22.0;53.7261564;86.8440572;191.0;4.867740390396115;-2.132945421857853;35.44750957854471;2075.0;72.8;34.14623083058816;400.35;-0.0265116753339451;-1.0054043030488429;-0.0856531049250535;Груженный движется вперед;95;7530G;240;1830.0;84.0;100.0;764.8280701754386;22.20701754385965;768.0;22.0;852.0;37.0;842.7272727272727;34.0;48.0;36.0;856.0;40.0;10.963784722222222;7.9;5.9;12.5;8.8;3.3139396297977926;1.180315279020736;1;7.6;7.6;10.6;10.6;-;0;7.6;10.6;0.0;0;0;-;0.0;0;0;0.0;0.0
26;461.0;21.0;53.7264088;86.8442328;187.0;3.206974971926179;-2.0585714441519;37.11187739463671;2075.0;72.8;30.38470593541189;405.45;-0.0305903946160905;-1.0186601407158151;-0.0571020699500356;Груженный движется вперед;95;7530G;240;1829.0;86.0;99.5;764.8842105263158;22.22105263157895;768.0;22.0;852.0;37.0;842.8727272727273;34.0;48.0;36.0;856.0;40.0;11.301659722222222;7.8;6.0;11.2;11.0;3.094240539202955;1.218346842678827;1;7.6;7.6;10.6;10.6;-;0;7.6;10.6;0.0;0;0;-;0.0;0;0;0.0;0.0
27;485.0;21.0;53.7266118;86.844359;188.0;3.4948962165656035;-2.0963076000744807;38.722605363985394;2075.0;72.8;24.078343058275827;402.35;-0.040787192821454;-1.017640460895279;-0.0622004690527174;Груженный движется вперед;95;7530G;240;1829.0;85.0;100.0;764.9403508771929;22.23508771929825;768.0;22.0;852.0;37.0;843.0181818181818;34.0;48.0;36.0;856.0;40.0;11.748715277777778;6.8;6.5;13.7;7.7;3.0419404328837505;1.2051848603310473;1;7.6;7.6;10.6;10.6;-;0;7.6;10.6;0.0;0;0;-;0.0;0;0;0.0;0.0
28;511.0;23.0;53.7268294;86.8444998;186.0;2.0535322444722173;-2.004264614960884;40.386973180077376;2075.0;72.8;25.937897478442004;398.25;-0.0458855919241358;-1.0227388599979603;-0.0367084735393086;Груженный движется вперед;95;7530G;240;1830.0;84.0;100.0;764.9964912280702;22.249122807017542;768.0;22.0;852.0;37.0;843.1636363636364;34.0;48.0;36.0;856.0;40.0;12.19121527777778;7.3;6.6;12.1;8.8;2.938358561705583;1.1868877107765763;1;7.6;7.6;10.6;10.6;-;0;7.6;10.6;0.0;0;0;-;0.0;0;0;0.0;0.0
29;540.0;26.0;53.7270715;86.8446651;187.0;2.2460484565556555;-1.9436201655760268;42.05517241379388;2075.0;72.8;29.0667516998878;396.35;-0.0418068726419904;-0.9870500662791885;-0.0387478331803813;Груженный движется вперед;95;7530G;240;1831.0;84.0;100.0;765.0526315789474;22.26315789473684;768.0;22.0;852.0;37.0;843.3090909090909;34.0;48.0;36.0;856.0;40.0;12.631604166666667;7.8;6.9;12.1;8.2;2.8150229895730856;1.287617141286122;1;7.6;7.6;10.6;10.6;-;0;7.6;10.6;0.0;0;0;-;0.0;0;0;0.0;0.0
30;569.0;28.0;53.7273234;86.844789;190.0;3.5647906210172997;-1.9124467260944882;43.67739463601613;2075.0;72.8;29.205040085055582;394.45;-0.0152951973080452;-0.9819516671765066;-0.061180789232181;Груженный движется вперед;95;7530G;240;1832.0;83.0;100.0;765.1087719298246;22.277192982456143;768.0;22.0;852.0;37.0;843.4545454545455;34.0;48.0;36.0;856.0;40.0;13.069881944444443;7.3;6.9;12.9;7.9;2.8220621979101885;1.17526343155819;1;7.6;7.6;10.6;10.6;-;0;7.6;10.6;0.0;0;0;-;0.0;0;0;0.0;0.0
31;601.0;29.0;53.7275844;86.8449732;187.0;2.9404678863413927;-1.86289941190262;45.268965517242215;2075.0;72.8;31.48587612432794;390.55;-0.0622004690527174;-1.0105027021515245;-0.0520036708473539;Груженный движется вперед;95;7530G;240;1833.0;82.0;99.5;765.1649122807017;22.29122807017544;768.0;22.0;852.0;37.0;843.6;34.0;48.0;36.0;856.0;40.0;13.50382638888889;8.2;6.6;11.5;8.8;2.8982521399789483;1.1628005687874965;1;7.6;7.6;10.6;10.6;-;0;7.6;10.6;0.0;0;0;-;0.0;0;0;0.0;0.0
32;635.0;28.0;53.7278695;86.8451815;188.0;3.0180581853850814;-1.7731204088276975;46.889655172414656;2075.0;72.8;34.57579886296875;394.35;-0.0397675130009177;-1.0048944631385743;-0.0530233506678902;Груженный движется вперед;95;7530G;240;1832.0;83.0;99.0;765.2210526315789;22.305263157894736;768.0;22.0;852.0;37.0;843.7454545454545;34.0;48.0;36.0;856.0;40.0;13.941993055555557;8.0;6.5;12.5;9.4;3.004298165217452;1.0830685487712604;1;7.6;7.6;10.6;10.6;-;0;7.6;10.6;0.0;0;0;-;0.0;0;0;0.0;0.0
33;667.0;26.0;53.7281172;86.8454036;193.0;3.9073565194441677;-1.5641965245376732;48.53256704980933;2075.0;72.8;31.21386608809317;396.35;-0.0571020699500356;-1.0135617416131335;-0.0693382277964719;Груженный движется вперед;95;7530G;240;1831.0;84.0;100.0;765.2771929824562;22.31929824561404;768.0;22.0;852.0;37.0;843.8909090909091;34.0;48.0;36.0;856.0;40.0;14.492479166666667;8.3;7.3;14.2;8.7;2.983863843181087;1.0872941461027046;1;7.6;7.6;15.37;10.6;point_30%;4;7.6;10.6;0.0;0;0;-;0.0;1;0;0.0;0.0
34;695.0;23.0;53.7283448;86.8456056;190.0;3.095530651380972;-1.2197209428562457;50.144827586207825;2075.0;72.4;28.61707486281244;406.25;-0.0081574385642908;-0.9992862241256244;-0.0540430304884266;Груженный движется вперед;95;7530G;240;1829.0;85.0;100.0;765.3333333333333;22.333333333333336;768.0;22.0;852.0;37.0;844.0;34.0;48.0;36.0;856.0;40.0;14.943868055555557;7.4;5.9;11.9;11.2;3.162765468185863;1.0954636956482777;1;7.6;7.6;10.6;10.6;-;0;7.6;10.6;0.0;0;0;-;0.0;1;0;0.0;0.0
35;720.0;21.0;53.7285417;86.8457769;189.0;4.186808075728117;-1.0849865880309177;51.78467432950288;2075.0;72.0;24.652112138454623;410.25;-0.0336494340776996;-1.0023452635872336;-0.0734169470786173;Груженный движется вперед;95;7530G;240;1828.0;87.0;100.0;765.3894736842105;22.34736842105263;768.0;22.0;852.0;37.0;844.4444444444445;33.94444444444444;48.0;36.0;856.0;40.0;15.39970138888889;7.5;7.0;11.9;8.8;3.3380542399710027;1.2160616267277176;1;7.6;7.6;10.6;10.6;-;0;7.6;10.6;0.0;0;0;-;0.0;1;0;0.0;0.0
36;744.0;21.0;53.7287471;86.8459055;188.0;1.6949045274085344;-0.8809240867374963;53.39770114942627;2075.0;72.0;24.38357181600225;398.25;0.0101967982053635;-0.9992862241256244;-0.0295707147955541;Груженный движется вперед;95;7530G;240;1830.0;84.0;100.0;765.4456140350877;22.36140350877193;768.0;22.0;852.0;37.0;845.0370370370371;33.87037037037037;48.0;36.0;856.0;40.0;15.84220138888889;6.5;6.8;11.0;9.8;3.6477766071056625;1.152590040035696;1;7.6;7.6;10.6;10.6;-;0;7.6;10.6;0.0;0;0;-;0.0;1;0;0.0;0.0
37;769.0;22.0;53.7289529;86.8460601;188.0;2.9672806249527026;-0.5140405691798708;55.040613026820935;2075.0;72.0;25.070559163029007;400.35;-0.0193739165901906;-1.0227388599979603;-0.0530233506678902;Груженный движется вперед;95;7530G;240;1830.0;84.0;100.0;765.5017543859649;22.37543859649123;768.0;22.0;852.0;37.0;845.6296296296297;33.7962962962963;48.0;36.0;856.0;40.0;16.17582638888889;7.0;6.8;12.1;8.3;4.026552611570009;1.211540247686996;1;7.6;7.6;10.6;10.6;-;0;7.6;10.6;0.0;0;0;-;0.0;0;0;0.0;0.0
38;794.0;21.0;53.7291632;86.8461936;190.0;3.597225605065723;-0.22637567696456828;56.657471264368866;2075.0;72.0;25.00740030258473;398.25;0.023452635872336;-0.9972468644845518;-0.0627103089629856;Груженный движется вперед;95;7530G;240;1830.0;85.0;100.0;765.5578947368422;22.38947368421053;768.0;22.0;852.0;37.0;846.2222222222222;33.72222222222222;48.0;36.0;856.0;40.0;16.61832638888889;6.9;6.8;9.7;10.3;4.287550881045099;1.1535571356321315;1;7.6;7.6;10.6;10.6;-;0;7.6;10.6;0.0;0;0;-;0.0;0;0;0.0;0.0
39;819.0;20.0;53.7293674;86.8463466;189.0;4.298322674745352;-0.004018530319713248;58.3494252873574;2075.0;71.6;24.864971662884667;406.15;-0.0224329560517997;-0.9901091057407974;-0.0744366268991536;Груженный движется вперед;95;7530G;240;1828.0;86.0;99.5;765.6140350877192;22.403508771929825;768.0;22.0;852.0;37.0;846.8148148148148;33.648148148148145;48.0;36.0;856.0;40.0;17.069604166666668;6.9;6.1;12.0;9.1;4.646930973472169;1.1009402730358402;1;7.6;7.6;10.6;10.6;-;0;7.6;10.6;0.0;0;0;-;0.0;0;0;0.0;0.0
40;842.0;20.0;53.7295481;86.8465017;190.0;3.3966631465675654;0.2746754011779707;60.127203065135205;2075.0;71.6;22.560597393269774;398.25;0.0112164780258998;-1.0135617416131335;-0.0601611094116447;Груженный движется вперед;95;7530G;240;1830.0;85.0;100.0;765.6701754385965;22.41754385964912;768.0;22.0;852.0;37.0;847.4074074074074;33.57407407407408;48.0;36.0;856.0;40.0;17.62272916666667;6.1;6.4;11.7;8.8;4.845667481761724;1.1010898383301804;1;7.6;7.6;10.6;10.6;-;0;7.6;10.6;0.0;0;0;-;0.0;0;0;0.0;0.0
41;864.0;16.0;53.7297284;86.8466564;189.0;5.241037439248291;0.5455791738815057;61.89042145593985;2075.0;71.2;22.50894767295852;406.375;0.0173345569491179;-1.0003059039461608;-0.0917711838482716;Груженный движется вперед;95;7530G;240;1829.0;86.0;100.0;765.7263157894737;22.431578947368426;768.0;22.0;852.0;37.0;848.0;33.5;48.0;36.0;856.0;40.0;18.074256944444446;6.0;6.3;9.8;10.2;5.036822706579587;1.2035514771925477;1;7.6;7.6;10.6;10.6;-;0;7.6;10.6;0.0;0;0;-;0.0;0;0;0.0;0.0
42;882.0;13.0;53.7298748;86.8467516;190.0;6.154782180044323;0.7019116500559842;63.64980842911996;2075.0;70.8;17.46180482191629;410.0;0.0173345569491179;-0.9737942286122158;-0.1050270215152442;Груженный движется вперед;95;7530G;240;1828.0;87.0;100.0;765.7824561403509;22.44561403508772;768.0;22.0;852.0;37.0;848.5925925925926;33.425925925925924;48.0;36.0;856.0;40.0;18.5298125;4.7;6.1;12.3;8.0;5.121397883286575;1.0365831125812033;1;7.6;7.6;10.6;10.6;-;0;7.6;10.6;0.0;0;0;-;0.0;0;0;0.0;0.0
43;899.0;11.0;53.730009;86.8468858;188.0;6.419580232305027;0.7934194927043015;65.46053639846865;2075.0;70.4;17.357809233624035;415.6;0.0142755174875089;-1.0013255837666972;-0.1126746201692668;Груженный движется вперед;95;7530G;240;1826.0;89.0;100.0;765.8385964912281;22.45964912280701;768.0;22.0;852.0;37.0;849.1851851851852;33.351851851851855;48.0;36.0;856.0;40.0;19.337923611111112;5.5;5.1;10.6;9.4;5.18039110823162;0.9809781671931986;1;7.6;7.6;10.6;10.6;-;0;7.6;10.6;0.0;0;0;-;0.0;0;0;0.0;0.0
44;925.0;11.0;53.7302039;86.8471063;189.0;6.11448007875119;0.9974008901847686;67.29042145593995;2075.0;70.0;26.1076612113092;402.45;0.0183542367696543;-0.9992862241256244;-0.1070663811563169;Груженный движется вперед;95;7530G;240;1830.0;85.0;100.0;765.8947368421052;22.473684210526315;768.0;22.0;852.0;37.0;849.7777777777778;33.27777777777778;48.0;36.0;856.0;40.0;19.78509027777778;6.0;5.6;9.7;10.5;5.361214176479366;0.8228542601398597;1;7.6;7.6;10.6;10.6;-;0;7.6;10.6;0.0;0;0;-;0.0;0;0;0.0;0.0
45;939.0;12.0;53.730294;86.8472476;191.0;6.3182138051247625;1.0900809088586159;69.12796934866029;2075.0;70.0;13.68189995013057;406.475;0.0275313551544814;-0.9850107066381156;-0.1091057407973896;Груженный движется вперед;95;7530G;240;1829.0;86.0;100.0;765.9508771929825;22.48771929824561;768.0;22.0;852.0;37.0;850.3703703703703;33.2037037037037;48.0;36.0;856.0;40.0;20.34963888888889;4.6;5.9;10.9;9.3;5.589264115165765;0.7078419546924045;1;7.6;7.6;10.6;10.6;-;0;7.6;10.6;0.0;0;0;-;0.0;0;0;0.0;0.0
46;957.0;11.0;53.730399;86.847455;190.0;7.4298335274087055;0.874342128942903;71.02835249042276;2075.0;69.6;17.97730257414232;410.125;0.020393596410727;-0.9850107066381156;-0.1284796573875803;Груженный движется вперед;95;7530G;240;1828.0;87.0;100.0;766.0070175438597;22.501754385964915;768.0;22.0;852.0;37.0;850.9629629629629;33.12962962962963;48.0;36.0;856.0;40.0;20.919256944444445;4.5;5.7;12.1;8.4;5.81000888248886;0.6632135126037763;1;7.6;7.6;10.6;10.6;-;0;7.6;10.6;0.0;0;0;-;0.0;0;0;0.0;0.0
47;969.0;11.0;53.730465;86.8475978;190.0;7.678769864524478;0.5217049301534987;72.98160919540365;2075.0;69.6;11.934041126555686;409.1;0.0071377587437544;-0.9982665443050882;-0.1345977363107984;Груженный движется вперед;95;7530G;240;1828.0;86.0;100.0;766.0631578947368;22.515789473684208;768.0;22.0;852.0;37.0;851.5555555555555;33.05555555555556;48.0;36.0;856.0;40.0;21.26017361111111;4.6;5.7;11.2;8.6;5.956547563780414;0.46278586538906463;1;7.6;7.6;10.6;10.6;-;0;7.6;10.6;0.0;0;0;-;0.0;0;0;0.0;0.0
48;982.0;11.0;53.7305186;86.8477794;189.5;6.767500703397142;0.4002027856124171;74.93333333333472;2075.0;69.6;13.365302019116935;407.1500000000001;0.0137656775772407;-0.9880697460997248;-0.1172631793616804;Груженный движется вперед;95;7530G;240;1828.5;86.0;100.0;766.1473684210525;22.53684210526316;768.0;22.0;852.0;37.0;852.0;33.0;48.0;36.0;856.0;40.0;21.82565972222222;5.5;5.4;10.9;9.2;6.049692480203577;0.5374379924558572;1;7.6;7.6;10.6;10.6;-;0;7.6;10.6;0.0;0;0;-;0.0;0;0;0.0;0.0
49;997.0;13.0;53.7305883;86.8479771;187.0;5.157313125107263;0.2538628607281377;76.87509578544204;2075.0;70.0;15.15639671352734;410.0;0.003059039461609;-0.9941878250229428;-0.0897318242071989;Груженный движется вперед;95;7530G;240;1827.0;87.0;100.0;766.2315789473685;22.55789473684211;768.0;22.0;852.0;37.0;852.0;33.0;48.0;36.0;856.0;40.0;22.281215277777772;7.4;6.0;10.1;10.2;6.119968215813304;0.4112107913824967;1;7.6;7.6;10.6;10.6;-;0;7.6;10.6;0.0;0;0;-;0.0;0;0;0.0;0.0
50;1015.0;19.0;53.7306506;86.8482186;188.0;2.981863704465389;0.14722442806856129;78.79846743295165;2075.0;70.0;17.350539872948698;405.9;0.023452635872336;-1.017640460895279;-0.0530233506678902;Груженный движется вперед;95;7530G;240;1829.0;86.0;100.0;766.2877192982456;22.5719298245614;768.0;22.0;852.0;37.0;852.0;33.0;48.0;36.0;856.0;40.0;22.84496527777777;6.4;6.8;10.9;9.8;5.923077533932121;0.5856819654229454;1;7.6;7.6;10.6;10.6;-;0;7.6;10.6;0.0;0;0;-;0.0;0;0;0.0;0.0
51;1045.0;22.0;53.7307994;86.8485978;190.0;4.140133117717134;0.01247318367763181;80.64904214559536;2075.0;70.4;29.966808554531323;405.65;-0.0193739165901906;-1.0140715815234016;-0.0734169470786173;Груженный движется вперед;95;7530G;240;1829.0;86.0;99.5;766.3438596491228;22.5859649122807;768.0;22.0;852.0;37.0;852.0;33.0;48.0;36.0;856.0;40.0;23.2956875;6.9;7.4;10.3;10.2;5.773189106440993;0.7456286437185239;1;7.6;7.6;10.6;10.6;-;0;7.6;10.6;0.0;0;0;-;0.0;0;0;0.0;0.0
52;1065.0;19.0;53.7309227;86.8488235;189.5;4.226004799551995;0.05984331469700328;82.41685823754942;2075.0;70.4;20.231818548834244;410.0625;0.0183542367696542;-1.000305903946161;-0.0739267869888854;Груженный движется вперед;95;7530G;240;1828.0;86.0;100.0;766.4280701754385;22.607017543859648;768.0;22.0;852.0;37.0;852.0;33.0;48.0;36.0;856.0;40.0;23.979125;6.5;5.9;9.8;10.9;5.564061170184364;0.8833609748279583;1;7.6;7.6;10.6;10.6;-;0;7.6;10.6;0.0;0;0;-;0.0;0;0;0.0;0.0
53;1093.0;14.0;53.7311207;86.8490983;189.0;5.527465800398068;-0.16595659416166222;84.15708812260692;2075.0;70.8;28.51902274723115;412.0;-0.0050983991026817;-0.979912307535434;-0.0948302233098807;Груженный движется вперед;95;7530G;240;1827.0;87.0;100.0;766.5122807017544;22.628070175438594;768.0;22.0;852.0;37.0;852.0;33.0;48.0;36.0;856.0;40.0;24.43690277777777;6.1;5.2;10.0;10.7;5.440155785237435;1.0365959352272465;1;7.6;7.6;10.6;10.6;-;0;7.6;10.6;0.0;0;0;-;0.0;0;0;0.0;0.0
54;1109.0;11.0;53.7312415;86.8492191;190.0;6.086380741057976;-0.2632928383155298;85.87892720306672;2075.0;70.4;15.62449577301342;406.25;-0.0265116753339451;-0.9941878250229428;-0.1060467013357805;Груженный движется вперед;95;7530G;240;1829.0;86.0;99.5;766.5684210526316;22.64210526315789;768.0;22.0;852.0;37.0;852.0;33.0;48.0;36.0;856.0;40.0;25.339680555555557;5.4;5.6;11.9;8.3;5.253256726816951;1.3570874975510092;1;7.6;7.6;10.6;10.6;-;0;7.6;10.6;0.0;0;0;-;0.0;0;0;0.0;0.0
55;1137.0;10.0;53.7314841;86.8493081;189.0;6.5857487142590605;-0.2673137651990177;87.524904214561;2075.0;70.4;27.63524223369808;410.25;-0.0142755174875089;-0.9890894259202612;-0.1142041399000713;Груженный движется вперед;95;7530G;240;1828.0;87.0;100.0;766.6245614035088;22.656140350877195;768.0;22.0;852.0;37.0;852.0;33.0;48.0;36.0;856.0;40.0;25.795513888888888;6.0;4.2;10.2;9.4;5.148112729107926;1.4407414739426014;1;7.6;7.6;10.6;10.6;-;0;7.6;10.6;0.0;0;0;-;0.0;0;0;0.0;0.0
56;1148.0;10.0;53.7315827;86.8493299;190.0;7.117562277099645;-0.27947737432196496;89.14865900383306;2075.0;70.4;11.069774533917176;410.225;-0.0081574385642908;-0.9962271846640156;-0.1244009381054349;Груженный движется вперед;95;7530G;240;1827.0;87.0;100.0;766.680701754386;22.67017543859649;768.0;22.0;852.0;37.0;852.0;33.0;48.0;36.0;856.0;40.0;26.251319444444444;5.6;4.9;10.9;9.1;5.108951288260987;1.8148284617999817;1;7.6;7.6;10.6;10.6;-;0;7.6;10.6;0.0;0;0;-;0.0;0;0;0.0;0.0
57;1160.0;11.0;53.7316908;86.8492844;189.0;6.239761532930299;-0.3321996994243967;90.75785440613194;2075.0;70.0;12.401271098077872;414.1;-0.0311002345263587;-0.9880697460997248;-0.1080860609768532;Груженный движется вперед;95;7530G;240;1826.0;88.0;100.0;766.7368421052631;22.684210526315788;768.0;22.0;852.0;37.0;852.0;33.0;48.0;36.0;856.0;40.0;26.82645833333333;5.6;5.6;12.8;7.1;5.074686758098908;1.5960920913534427;1;7.6;7.6;10.6;10.6;-;0;7.6;10.6;0.0;0;0;-;0.0;0;0;0.0;0.0
58;1176.0;14.0;53.7318381;86.8492781;188.0;4.276389286872294;-0.3235666687749678;92.42681992337334;2075.0;70.8;16.40288629000219;401.95;-0.0734169470786173;-1.006423982869379;-0.07545630671969;Груженный движется вперед;95;7530G;240;1830.0;84.5;100.0;766.7929824561404;22.698245614035088;768.0;22.0;852.0;37.0;852.0;33.0;48.0;36.0;856.0;40.0;27.161416666666668;6.9;5.1;11.1;8.3;4.9707779653665165;1.6343274975102213;1;7.6;7.6;10.6;10.6;-;0;7.6;10.6;0.0;0;0;-;0.0;0;0;0.0;0.0
59;1195.0;16.0;53.7319999;86.8492607;188.0;3.30786939421892;-0.3721558391931983;94.05210727969522;2075.0;70.8;18.048209666234342;417.9;0.020393596410727;-1.0054043030488429;-0.058121749770572;Груженный движется вперед;95;7530G;240;1825.0;89.0;99.0;766.8491228070175;22.712280701754388;768.0;22.0;852.0;37.0;852.0;33.0;48.0;36.0;856.0;40.0;27.62575;6.6;6.0;10.6;10.3;4.989612200202222;1.494775088051878;1;7.6;7.6;10.6;10.6;-;0;7.6;10.6;0.0;0;0;-;0.0;0;0;0.0;0.0
60;1214.0;17.0;53.7321762;86.8492834;189.0;4.560842355619912;-0.382007172093256;95.68735632184085;2075.0;70.8;19.682807119294072;410.25;0.0428265524625267;-1.0217191801774244;-0.0815743856429081;Груженный движется вперед;95;7530G;240;1827.0;87.0;100.0;766.9052631578948;22.726315789473684;768.0;22.0;852.0;37.0;852.0;33.0;48.0;36.0;856.0;40.0;28.08158333333333;6.0;6.1;10.0;10.1;5.126615942761088;1.5881234037176144;1;7.6;7.6;10.6;10.6;-;0;7.6;10.6;0.0;0;0;-;0.0;0;0;0.0;0.0
61;1234.0;17.0;53.7323503;86.8492783;189.0;3.836756460396209;-0.4323164652299588;97.38620689655353;2075.0;70.8;19.38396125741964;410.125;0.0163148771285816;-1.00336494340777;-0.0672988681553992;Груженный движется вперед;95;7530G;240;1828.0;87.0;100.0;766.9614035087719;22.74035087719298;768.0;22.0;852.0;37.0;852.0;33.0;48.0;36.0;856.0;40.0;28.537277777777778;5.9;6.4;10.7;9.3;5.311220787515339;1.8380517415406121;1;7.6;7.6;10.6;10.6;-;0;7.6;10.6;0.0;0;0;-;0.0;0;0;0.0;0.0
62;1256.0;17.0;53.7325428;86.8491892;189.0;4.492392815526002;-0.3913466156204576;99.09118773946543;2075.0;70.4;22.21812683879325;410.25;-0.0091771183848271;-0.9992862241256244;-0.078515346181299;Груженный движется вперед;95;7530G;240;1828.0;86.0;100.0;767.0175438596491;22.75438596491228;768.0;22.0;852.0;37.0;852.0;33.0;48.0;36.0;856.0;40.0;28.993111111111112;6.1;5.7;10.5;9.7;5.514544314634659;1.9312692804747886;0;7.6;7.6;10.6;10.6;-;0;7.6;10.6;0.0;0;0;-;0.0;0;0;0.0;0.0
63;1276.0;15.0;53.7327148;86.8490796;189.0;6.041806700795339;-0.4000012636991764;100.81149425287542;2075.0;70.4;20.462398289521587;414.2;0.0173345569491179;-0.99214846538187;-0.1050270215152442;Груженный движется вперед;95;7530G;240;1827.0;88.0;100.0;767.0736842105264;22.76842105263158;768.0;22.0;852.0;37.0;852.0;33.0;48.0;36.0;856.0;40.0;29.453333333333333;5.9;5.7;9.8;9.6;5.674833474041379;2.140646941990508;0;7.6;7.6;10.6;10.6;-;0;7.6;10.6;0.0;0;0;-;0.0;0;0;0.0;0.0
64;1291.0;12.0;53.7328254;86.8489598;189.0;5.647240371670754;-0.3478525557028068;102.6022988505766;2075.0;70.2;14.622826818434074;406.175;-0.0045885591924136;-1.0054043030488429;-0.0994187825022942;Груженный движется вперед;95;7530G;240;1829.0;85.5;100.0;767.1578947368421;22.789473684210527;768.0;22.0;852.0;37.0;852.0;33.0;48.0;36.0;856.0;40.0;30.130291666666665;5.5;5.5;11.4;8.7;5.68583004332941;2.2822334447985977;0;7.6;7.6;10.6;10.6;-;0;7.6;10.6;0.0;0;0;-;0.0;0;0;0.0;0.0
65;1308.0;11.0;53.73294;86.8487928;190.0;6.937589675135869;-0.42028171179538776;104.45363984674523;2075.0;70.0;16.843190874362442;417.1;-0.0254919955134087;-0.971754868971143;-0.1182828591822167;Груженный движется вперед;95;7530G;240;1826.0;89.0;100.0;767.2421052631579;22.810526315789478;768.0;22.0;852.0;37.0;852.0;33.0;48.0;36.0;856.0;40.0;30.70959722222222;6.1;5.0;11.4;8.3;5.684241377088292;2.377778009579706;0;7.6;7.6;10.6;10.6;-;0;7.6;10.6;0.0;0;0;-;0.0;0;0;0.0;0.0
66;1326.0;11.0;53.7330511;86.8485967;188.0;5.941846660444796;-0.3469730341734791;106.29042145594066;2075.0;70.4;17.880808062066013;406.025;0.0081574385642908;-0.9992862241256244;-0.1040073416947078;Груженный движется вперед;95;7530G;240;1828.0;86.0;100.0;767.2982456140351;22.82456140350877;768.0;22.0;852.0;37.0;852.0;33.0;48.0;36.0;856.0;40.0;31.273520833333333;6.5;4.7;9.3;10.1;5.58939500844521;2.62159200946457;0;7.6;7.6;10.6;10.6;-;0;7.6;10.6;11.0;1;0;[53.732646057090854, 86.8480396130739];58.1284803238426;0;0;0.0;0.0
67;1344.0;13.0;53.7331353;86.8483481;189.0;5.658434659784425;-0.3910847907532196;108.05823754789472;2075.0;70.4;18.86426366257166;410.125;-0.0010196798205363;-0.9982665443050882;-0.0989089425920261;Груженный движется вперед;95;7530G;240;1827.0;88.0;100.0;767.3543859649124;22.83859649122807;768.0;22.0;852.0;37.0;852.0;33.0;48.0;36.0;856.0;40.0;31.729215277777776;6.1;5.4;9.2;10.0;5.556281305742545;2.958222254178926;0;7.6;7.6;10.6;10.6;-;0;7.6;10.6;11.0;1;0;-;0.0;0;0;0.0;0.0
68;1365.0;14.0;53.7331682;86.8480482;190.0;5.5998121590937995;-0.4725771152504811;109.88045977011697;2075.0;70.4;20.08568947728263;418.15;-0.0254919955134087;-1.0084633425104517;-0.0989089425920261;Груженный движется вперед;95;7530G;240;1826.0;88.0;100.0;767.4105263157894;22.852631578947367;768.0;22.0;852.0;37.0;852.0;33.0;48.0;36.0;856.0;40.0;32.19382638888889;6.0;5.6;10.9;8.8;5.491377026836853;3.076209757592636;0;7.6;7.6;10.6;10.6;-;0;7.6;10.6;11.0;1;0;-;0.0;0;0;0.0;0.0
69;1382.0;14.0;53.7331787;86.8477771;189.0;5.32645791596168;-0.6480618562519567;111.76934865900591;2075.0;70.4;17.890638347813617;417.55;-0.0254919955134087;-0.9839910268175792;-0.0917711838482716;Груженный движется вперед;95;7530G;240;1826.0;88.0;100.0;767.4666666666667;22.866666666666667;768.0;22.0;852.0;37.0;852.0;33.0;48.0;36.0;856.0;40.0;32.65777083333333;5.7;5.6;11.5;8.0;5.527910133942065;3.092835720496284;0;7.6;7.6;10.6;10.6;-;0;7.6;10.6;0.0;0;0;-;0.0;0;0;0.0;0.0
70;1401.0;14.0;53.7331866;86.8475034;189.0;5.756530311559381;-0.7397354171783728;113.6720306513431;2075.0;70.4;18.04506706591539;421.375;-0.0183542367696543;-0.986030386458652;-0.0994187825022942;Груженный движется вперед;95;7530G;240;1825.0;89.0;100.0;767.5228070175439;22.880701754385967;768.0;22.0;852.0;37.0;852.0;33.0;48.0;36.0;856.0;40.0;33.12596527777777;5.9;5.5;10.9;9.3;5.605386893265469;3.0755645674484358;0;7.6;7.6;10.6;10.6;-;0;7.6;10.6;0.0;0;0;-;0.0;0;0;0.0;0.0
71;1418.0;12.0;53.7331972;86.8472324;190.0;7.316314192587145;-0.9510164118113555;115.560919540232;2075.0;70.0;17.884790459717298;423.5750000000001;-0.0367084735393086;-1.0079535026001831;-0.1294993372081166;Груженный движется вперед;95;7530G;240;1824.0;90.0;100.0;767.578947368421;22.89473684210526;768.0;22.0;851.3333333333333;37.0;852.0;33.0;48.0;36.0;856.0;40.0;33.71426388888889;5.6;5.2;11.0;8.3;5.669032514103555;3.0618467144714563;0;7.6;7.6;10.6;10.6;-;0;7.6;10.6;0.0;0;0;-;0.0;0;0;0.0;0.0
72;1433.0;12.0;53.7332076;86.8470124;189.0;5.95403017923475;-1.4004153767728533;117.47509578544279;2075.0;70.0;14.53356465515536;414.0;-0.0050983991026817;-0.9972468644845518;-0.1040073416947078;Груженный движется вперед;95;7530G;240;1827.0;88.0;100.0;767.6350877192982;22.90877192982456;768.0;22.0;850.4444444444443;37.0;852.0;33.0;48.0;36.0;856.0;40.0;34.17426388888889;5.2;5.4;10.9;8.3;5.575572429866319;3.019679044507254;0;7.6;7.6;10.6;10.6;-;0;7.6;10.6;0.0;0;0;-;0.0;0;0;0.0;0.0
73;1449.0;12.0;53.7332249;86.8467737;189.0;5.498446741635642;-1.4885928023264998;119.29655172414013;2075.0;70.0;15.836338692942562;414.1;-0.0152951973080452;-0.9850107066381156;-0.0948302233098807;Груженный движется вперед;95;7530G;240;1827.0;88.0;100.0;767.6912280701754;22.92280701754386;768.0;22.0;849.5555555555557;37.0;852.0;33.0;48.0;36.0;856.0;40.0;34.51934722222222;6.0;5.1;10.1;9.7;5.487478097603848;2.937892700684995;0;7.6;7.6;10.6;10.6;-;0;7.6;10.6;0.0;0;0;-;0.0;0;0;0.0;0.0
74;1461.0;14.0;53.7332472;86.8465912;189.0;5.686431103405662;-1.4662351214540816;121.0643678160942;2075.0;70.0;12.271644794464525;414.1;-0.0112164780258998;-0.9727745487916796;-0.0968695829509534;Груженный движется вперед;95;7530G;240;1827.0;88.0;100.0;767.7473684210527;22.93684210526316;768.0;22.0;848.6666666666667;37.0;852.0;33.0;48.0;36.0;856.0;40.0;34.97945833333333;5.6;6.1;11.4;8.3;5.40484296453295;3.0300394068466803;0;7.6;7.6;10.6;10.6;-;0;7.6;10.6;0.0;0;0;-;0.0;0;0;0.0;0.0
75;1479.0;15.0;53.7332647;86.8463271;189.0;5.083335730568462;-1.536502422761042;122.81762452107507;2075.0;70.0;17.500187946192813;412.0;-0.0326297542571632;-1.0196798205363515;-0.0907515040277353;Груженный движется вперед;95;7530G;240;1827.0;87.0;99.5;767.8035087719298;22.950877192982453;768.0;22.0;847.7777777777778;37.0;852.0;33.0;48.0;36.0;856.0;40.0;35.43723611111111;6.1;5.9;11.4;8.3;5.280163656644268;3.101041067304939;0;7.6;7.6;10.6;10.6;-;0;7.6;10.6;0.0;0;0;-;0.0;0;0;0.0;0.0
76;1498.0;17.0;53.7332719;86.8460271;188.0;4.184612284178399;-1.6132472214948448;124.48429118774177;2075.0;70.4;19.77173780814669;414.2;-0.0285510349750178;-0.9890894259202612;-0.0723972672580809;Груженный движется вперед;95;7530G;240;1827.0;88.0;100.0;767.859649122807;22.964912280701757;768.0;22.0;846.8888888888889;37.0;851.9310344827586;33.0;48.0;36.0;856.0;40.0;35.89745833333333;6.3;5.9;11.5;8.9;5.140851315489311;3.123797778570159;0;7.6;7.6;10.6;10.6;-;0;7.6;10.6;0.0;0;0;-;0.0;0;0;0.0;0.0
77;1518.0;17.0;53.7332751;86.8457231;188.0;3.6807889039687196;-1.5204424527547968;126.10498084291422;2075.0;70.8;20.022058311352296;410.25;-0.0254919955134087;-0.9982665443050882;-0.0642398286937901;Груженный движется вперед;95;7530G;240;1828.0;87.0;100.0;767.9157894736842;22.978947368421053;768.0;22.0;846.0;37.0;851.8390804597701;33.0;48.0;36.0;856.0;40.0;36.35329166666666;6.4;5.7;11.2;8.7;5.075887741091946;3.080660252769589;0;7.6;7.6;10.6;10.6;-;0;7.6;10.6;0.0;0;0;-;0.0;0;0;0.0;0.0
78;1538.0;19.0;53.7332858;86.8454266;189.0;3.8085026035490035;-1.4684363067236363;127.67586206896787;2075.0;70.8;19.56129825399109;409.775;-0.0295707147955541;-0.9952075048434792;-0.0662791883348628;Груженный движется вперед;95;7530G;240;1828.0;86.0;100.0;767.9719298245614;22.992982456140357;768.0;22.0;845.1111111111111;37.0;851.7471264367816;33.0;48.0;36.0;856.0;40.0;36.92242361111111;6.6;5.7;10.7;8.9;4.929602603155966;3.055862079683587;0;7.6;7.6;10.6;10.6;-;0;7.6;10.6;0.0;0;0;-;0.0;0;0;0.0;0.0
79;1559.0;18.0;53.7333019;86.8451099;189.0;4.725612498305167;-1.528022473692966;129.1486590038338;2075.0;70.8;20.93206585920502;406.25;-0.0418068726419904;-0.9982665443050882;-0.0825940654634444;Груженный движется вперед;95;7530G;240;1828.0;86.0;100.0;768.0280701754386;23.007017543859646;768.0;22.0;844.2222222222222;37.0;851.655172413793;33.0;48.0;36.0;856.0;40.0;37.71235416666666;6.1;6.1;11.7;7.9;4.862865519044629;3.0907639568443095;0;7.6;7.6;10.6;10.6;-;0;7.6;10.6;0.0;0;0;-;0.0;0;0;0.0;0.0
80;1597.0;17.0;53.7333191;86.8445383;189.0;4.468974513688419;-1.4606184960555464;130.58773946360395;2075.0;70.8;37.68941466721752;409.55;-0.0285510349750178;-0.9911287855613338;-0.0774956663607627;Груженный движется вперед;95;7530G;240;1827.0;87.0;100.0;768.0842105263158;23.021052631578947;768.0;22.0;843.3333333333333;37.0;851.5632183908046;33.0;48.0;36.0;856.0;40.0;38.16740972222222;6.1;5.7;11.0;8.3;4.773461804559898;3.082424191069908;0;7.6;7.6;10.6;10.6;-;0;7.6;10.6;0.0;0;0;-;0.0;0;0;0.0;0.0
81;1616.0;16.0;53.7333295;86.8442415;189.0;5.675228658615111;-1.4591615577161554;131.9923371647534;2075.0;70.8;19.578993588137823;410.25;-0.0469052717446721;-0.9941878250229428;-0.0989089425920261;Груженный движется вперед;95;7530G;240;1827.0;87.0;100.0;768.140350877193;23.035087719298247;768.0;22.0;842.4444444444443;37.0;851.471264367816;33.0;48.0;36.0;856.0;40.0;38.62324305555555;6.4;5.5;11.9;8.2;4.667238954631709;3.1086143776376387;0;7.6;7.6;10.6;10.6;-;0;7.6;10.6;0.0;0;0;-;0.0;0;0;0.0;0.0
82;1633.0;15.0;53.7333344;86.8439904;189.0;4.705462680502293;-1.5742925261850529;133.36321839080708;2075.0;70.8;16.544310730840042;414.1;-0.0122361578464362;-1.00336494340777;-0.0825940654634444;Груженный движется вперед;95;7530G;240;1827.0;87.0;100.0;768.1964912280702;23.049122807017547;768.0;22.0;841.5555555555557;37.0;851.3793103448277;33.0;48.0;36.0;856.0;40.0;39.08335416666666;6.4;5.5;11.6;9.2;4.5464631275354135;3.0985240081062173;0;7.6;7.6;10.6;10.6;-;0;7.6;10.6;0.0;0;0;-;0.0;0;0;0.0;0.0
83;1651.0;14.0;53.7333414;86.8437158;189.0;4.949478616273144;-1.6615758968431693;134.70268199233965;2075.0;70.8;18.099606540002803;414.2;-0.0326297542571632;-1.0003059039461608;-0.0866727847455898;Груженный движется вперед;95;7530G;240;1827.0;88.0;100.0;768.2526315789473;23.06315789473684;768.0;22.0;840.6666666666667;37.0;851.2873563218391;33.0;48.0;36.0;856.0;40.0;39.54357638888888;6.3;5.2;11.0;8.7;4.370533847103331;3.0765320872140647;0;7.6;7.6;10.6;10.6;-;0;7.6;10.6;0.0;0;0;-;0.0;0;0;0.0;0.0
84;1667.0;13.0;53.7333509;86.8434693;189.0;4.762298234416965;-1.6572937931142318;135.96858237548145;2075.0;70.4;16.26680724973668;421.175;-0.023452635872336;-0.9850107066381156;-0.0820842255531763;Груженный движется вперед;95;7530G;240;1825.0;89.0;100.0;768.3087719298246;23.07719298245614;768.0;22.0;840.0;37.0;851.1954022988506;33.0;48.0;36.0;856.0;40.0;40.128541666666656;6.0;5.5;11.7;8.3;4.215166614296695;-3.1357448958147165;0;7.6;7.6;10.6;10.6;-;0;7.6;10.6;0.0;0;0;-;0.0;0;0;0.0;0.0
85;1682.0;14.0;53.7333501;86.8432381;189.0;5.687268268060332;-1.7290903944227973;137.18544061302936;2075.0;70.4;15.225124542432402;415.7;-0.003059039461609;-0.9931681452024064;-0.0989089425920261;Груженный движется вперед;95;7530G;240;1826.0;88.0;100.0;768.3649122807018;23.09122807017544;768.0;22.0;840.0;37.0;851.1034482758621;33.0;48.0;36.0;856.0;40.0;40.59043055555554;6.1;5.2;10.6;9.8;4.192642319591682;-3.0997591404438687;0;7.6;7.6;10.6;10.6;-;0;7.6;10.6;0.0;0;0;-;0.0;0;0;0.0;0.0
86;1700.0;15.0;53.7333436;86.8429756;189.0;4.006709728341649;-1.667171748429571;138.37777777778032;2075.0;70.4;17.3011551685809;414.2;-0.0275313551544814;-1.0186601407158151;-0.0713775874375446;Груженный движется вперед;95;7530G;240;1827.0;87.0;100.0;768.421052631579;23.10526315789474;768.0;22.0;840.0;37.0;851.0114942528735;33.0;48.0;36.0;856.0;40.0;41.05065277777776;6.4;5.6;11.5;9.1;4.094639254804701;-3.1194405492940067;0;7.6;7.6;10.6;10.6;-;0;7.6;10.6;0.0;0;0;-;0.0;0;0;0.0;0.0
87;1717.0;17.0;53.7333402;86.8427162;189.0;4.329903377664662;-1.5007682482021083;139.57011494253132;2075.0;70.4;17.086072261306896;410.25;-0.0265116753339451;-0.9962271846640156;-0.07545630671969;Груженный движется вперед;95;7530G;240;1828.0;87.0;100.0;768.4771929824561;23.119298245614036;768.0;22.0;840.0;37.0;850.9195402298851;33.0;48.0;36.0;856.0;40.0;41.50648611111109;6.3;5.6;11.2;8.3;4.067510969740605;3.1246146508607193;0;7.6;7.6;10.6;10.6;-;0;7.6;10.6;0.0;0;0;-;0.0;0;0;0.0;0.0
88;1735.0;19.0;53.733343;86.8424374;188.0;3.536533010342996;-1.3202575559292407;140.7662835249068;2075.0;70.8;18.36204458192556;410.0;-0.0050983991026817;-1.006423982869379;-0.0622004690527174;Груженный движется вперед;95;7530G;240;1828.0;87.0;100.0;768.5333333333333;23.133333333333333;768.0;22.0;840.0;37.0;850.8275862068965;33.0;48.0;36.0;856.0;40.0;41.96204166666665;6.5;5.9;10.9;8.7;4.112469853437501;-3.1410871884564493;0;7.6;7.6;10.6;10.6;-;0;7.6;10.6;0.0;0;0;-;0.0;0;0;0.0;0.0
89;1757.0;21.0;53.7333429;86.8421045;189.0;3.474719707478325;-1.1965354857170023;142.0160919540256;2075.0;70.8;21.921967192240707;406.15;-0.0173345569491179;-1.0074436626899157;-0.061180789232181;Груженный движется вперед;95;7530G;240;1829.0;86.0;100.0;768.5894736842106;23.147368421052636;768.0;22.0;840.0;37.0;850.735632183908;33.0;48.0;36.0;856.0;40.0;42.30049999999999;7.0;6.0;11.2;9.1;4.112358668912771;-3.1378301851997517;0;7.6;7.6;10.6;10.6;-;0;7.6;10.6;0.0;0;0;-;0.0;0;0;0.0;0.0
90;1781.0;21.0;53.7333421;86.8417453;189.0;3.074672483251091;-1.207663559191828;143.27892720306778;2075.0;70.8;23.654026721314008;406.35;-0.037728153359845;-1.0054043030488429;-0.0540430304884266;Груженный движется вперед;95;7530G;240;1829.0;86.0;100.0;768.6456140350876;23.161403508771933;768.0;22.0;840.0;37.0;850.6436781609195;33.0;48.0;36.0;856.0;40.0;42.75199999999999;6.6;6.0;11.4;8.8;4.09141454694471;3.1305124989215454;0;7.6;7.6;10.6;10.6;-;0;7.6;10.6;0.0;0;0;-;0.0;0;0;0.0;0.0
91;1806.0;21.0;53.7333446;86.8413638;189.0;3.857803103482229;-1.0086813214811667;144.56015325670765;2075.0;70.8;25.123888494815034;406.35;-0.0428265524625267;-0.9819516671765066;-0.0662791883348628;Груженный движется вперед;95;7530G;240;1829.0;85.0;100.0;768.7017543859649;23.175438596491222;768.0;22.0;840.0;37.0;850.551724137931;33.0;48.0;36.0;856.0;40.0;43.20349999999999;6.8;5.9;11.4;8.7;4.039722408653341;3.1096411621005213;0;7.6;7.6;10.6;10.6;-;0;7.6;10.6;0.0;0;0;-;0.0;0;0;0.0;0.0
92;1832.0;21.0;53.7333522;86.8409618;189.0;3.819649053255191;-0.7944695668064894;145.84444444444713;2075.0;71.2;26.485815699702425;401.85;-0.0336494340776996;-1.0074436626899157;-0.0672988681553992;Груженный движется вперед;95;7530G;240;1830.0;85.0;100.0;768.7578947368421;23.18947368421053;768.0;22.0;840.0;37.0;850.4597701149426;33.0;48.0;36.0;856.0;40.0;43.64999999999999;6.9;6.1;10.9;8.7;3.874579760676829;2.9437186005027076;0;7.6;7.6;10.6;10.6;-;0;7.6;10.6;0.0;0;0;-;0.0;0;0;0.0;0.0
93;1854.0;20.0;53.7333902;86.8406414;189.0;3.357249741028788;-0.6121098795637318;147.07049808429392;2075.0;71.2;21.518697195627507;406.35;-0.0382379932701131;-1.0074436626899157;-0.0591414295911083;Груженный движется вперед;95;7530G;240;1829.0;85.0;99.0;768.8140350877193;23.203508771929823;768.0;22.0;840.0;37.0;850.367816091954;33.0;48.0;36.0;856.0;40.0;44.21437499999999;6.8;6.0;11.2;8.3;3.7615589989267635;2.836087276674954;0;7.6;7.6;10.6;10.6;-;0;7.6;10.6;0.0;0;0;-;0.0;0;0;0.0;0.0
94;1878.0;20.0;53.7334546;86.8402962;188.0;3.2305365679551;-0.49366741490482846;148.3754789272058;2075.0;70.8;23.835582427261787;406.15;-0.0173345569491179;-1.011522381972061;-0.0571020699500356;Груженный движется вперед;95;7530G;240;1828.0;86.0;100.0;768.8701754385966;23.217543859649123;768.0;22.0;840.0;37.0;850.2758620689656;33.0;48.0;36.0;856.0;40.0;44.665652777777765;6.4;6.0;10.3;9.2;3.69247703869372;2.560731485673754;0;7.6;7.6;10.6;10.6;-;0;7.6;10.6;0.0;0;0;-;0.0;0;0;0.0;0.0
95;1899.0;20.0;53.733562;86.8400196;188.0;3.276852835562663;-0.506183419530798;149.71877394636292;2075.0;70.8;21.78784590886644;406.35;0.0071377587437544;-1.0329356582033242;-0.0591414295911083;Груженный движется вперед;95;7530G;240;1829.0;85.0;100.0;768.9263157894736;23.23157894736842;768.0;22.0;840.0;37.0;850.183908045977;33.0;48.0;36.0;856.0;40.0;45.11715277777777;6.4;6.3;10.7;9.2;3.643812400563806;2.6829002290828923;0;7.6;7.6;10.6;10.6;-;0;7.6;10.6;0.0;0;0;-;0.0;0;0;0.0;0.0
96;1923.0;20.0;53.7336546;86.8397026;188.0;3.9667626058407706;-0.4085727781115021;151.10574712643958;2075.0;70.8;23.281307681323927;406.35;0.0091771183848271;-1.01458142143367;-0.0703579076170082;Груженный движется вперед;95;7530G;240;1829.0;86.0;99.0;768.9824561403509;23.24561403508772;768.0;22.0;840.0;37.0;850.0919540229885;33.0;48.0;36.0;856.0;40.0;45.45577777777777;6.1;6.6;10.3;9.6;3.637819544116533;2.4225788513384963;0;7.6;7.6;10.6;10.6;-;0;7.6;10.6;0.0;0;0;-;0.0;0;0;0.0;0.0
97;1945.0;20.0;53.7337856;86.8394496;189.0;4.262602020589985;-0.6272188298030699;152.5417624521101;2075.0;70.4;22.141177542670643;405.8;-0.0020393596410727;-0.9850107066381156;-0.0734169470786173;Груженный движется вперед;95;7530G;240;1829.0;86.0;100.0;769.0385964912281;23.25964912280702;768.0;22.0;840.0;37.0;850.0;33.0;48.0;36.0;856.0;40.0;45.90666666666666;5.7;6.9;10.9;8.4;3.5931209036473035;2.526403195773873;0;7.6;7.6;10.6;10.6;-;0;7.6;10.6;0.0;0;0;-;0.0;0;0;0.0;0.0
98;1967.0;19.0;53.7338988;86.8391788;189.0;4.130871645711125;-0.5895677036966215;153.96551724138217;2075.0;70.4;21.83559913010445;410.25;0.0122361578464362;-1.0023452635872336;-0.0723972672580809;Груженный движется вперед;95;7530G;240;1828.0;87.0;100.0;769.0947368421052;23.27368421052632;768.0;22.0;840.0;37.0;849.9080459770115;33.0;48.0;36.0;856.0;40.0;46.36249999999999;5.6;6.9;11.0;8.3;3.6864506672258273;2.3413676373714036;0;7.6;7.6;10.6;10.6;-;0;7.6;10.6;0.0;0;0;-;0.0;0;0;0.0;0.0
99;1988.0;18.0;53.7340345;86.8389561;189.0;5.041945472970272;-0.4231051590304633;155.518773946363;2075.0;70.4;21.05374672432301;418.15;0.0142755174875089;-1.0054043030488429;-0.0887121443866625;Груженный движется вперед;95;7530G;240;1826.0;89.0;100.0;769.1508771929825;23.28771929824561;768.0;22.0;840.0;37.0;849.816091954023;33.0;48.0;36.0;856.0;40.0;46.8271111111111;5.4;6.8;12.1;8.0;3.746930378717665;2.524208081905898;0;7.6;7.6;10.6;10.6;-;0;7.6;10.6;0.0;0;0;-;0.0;0;0;0.0;0.0
100;2008.0;17.0;53.7341405;86.8387037;189.0;3.91190366661636;-0.4699613299407491;157.167049808432;2075.0;70.4;20.383490945939297;421.05;-0.0183542367696543;-0.9839910268175792;-0.0672988681553992;Груженный движется вперед;95;7530G;240;1825.0;90.0;100.0;769.2070175438596;23.301754385964912;768.0;22.0;840.0;37.0;849.7241379310344;33.0;48.0;36.0;856.0;40.0;47.29494444444443;6.8;5.5;10.2;9.7;3.7082477253079644;2.6570510174509305;0;7.6;7.6;10.6;10.6;-;0;7.6;10.6;0.0;0;0;-;0.0;0;0;0.0;0.0
101;2028.0;18.0;53.7342256;86.8384304;188.0;3.028019117157313;-0.5555324912077735;158.83295019157381;2075.0;70.4;20.337970342826196;427.35;-0.0152951973080452;-0.9829713469970428;-0.0520036708473539;Груженный движется вперед;95;7530G;240;1823.0;91.0;100.0;769.2631578947369;23.31578947368421;768.0;22.0;840.0;37.0;849.632183908046;33.0;48.0;36.0;856.0;40.0;47.8884861111111;6.6;6.1;10.7;9.2;3.595827923508712;3.008395618288202;0;7.6;7.6;10.6;10.6;-;0;7.6;10.6;0.0;0;0;-;0.0;0;0;0.0;0.0
102;2052.0;23.0;53.7342538;86.8380746;187.0;3.3206975053045866;-0.6738638965850855;160.4406130268229;2075.0;70.4;23.638839844429288;417.475;-0.0173345569491179;-0.9839910268175792;-0.0571020699500356;Груженный движется вперед;95;7530G;240;1809.0;90.5;96.0;769.319298245614;23.32982456140351;768.0;22.0;840.0;37.0;849.5402298850574;33.0;48.0;36.0;856.0;40.0;48.35234722222221;7.4;6.6;11.4;11.2;3.435711779047449;2.9924204977921987;0;7.6;7.6;10.6;10.6;-;0;7.6;10.6;0.0;0;0;-;0.0;0;0;0.0;0.0
103;2083.0;25.0;53.7342956;86.8376044;188.0;2.5766245567705837;-0.801840275504958;162.02681992337466;2075.0;70.4;31.310392727763595;408.175;0.0326297542571632;-0.9737942286122158;-0.0438462322830631;Груженный движется вперед;95;7530G;240;1828.0;86.0;100.0;769.3754385964912;23.343859649122805;768.0;22.0;840.0;37.0;849.448275862069;33.0;48.0;36.0;856.0;40.0;48.80587499999999;6.9;7.5;11.4;9.3;3.295481250313978;-3.114883130899657;0;7.6;7.6;10.6;10.6;-;0;7.6;10.6;0.0;0;0;-;0.0;0;0;0.0;0.0
104;2114.0;27.0;53.7342882;86.8371362;189.0;1.9351508830354998;-1.1674226743590201;163.60919540230188;2075.0;70.8;30.84197968571547;398.25;-0.0244723156928724;-1.0257978994595698;-0.0346691138982359;Груженный движется вперед;95;7530G;240;1831.0;84.0;100.0;769.4315789473684;23.357894736842105;768.0;22.0;840.0;37.0;849.3563218390805;33.0;48.0;36.0;856.0;40.0;49.248375;7.5;7.0;12.3;8.3;2.9521943162816777;3.0528476714150994;0;7.6;7.6;10.6;10.6;-;0;7.6;10.6;0.0;0;0;-;0.0;0;0;0.0;0.0
105;2146.0;26.0;53.7343138;86.8366498;190.0;3.5509894653715826;-1.6406729043261548;165.0038314176276;2075.0;70.8;32.155971729507435;397.875;-0.0418068726419904;-0.9850107066381156;-0.061180789232181;Груженный движется вперед;95;7530G;240;1831.0;84.0;99.5;769.4877192982456;23.37192982456141;768.0;22.0;840.0;37.0;849.264367816092;33.0;48.0;36.0;856.0;40.0;49.69045833333333;8.4;5.9;11.1;9.3;2.804904108760729;2.9176997122646986;0;7.6;7.6;10.6;10.6;-;0;7.6;10.6;0.0;0;0;-;0.0;0;0;0.0;0.0
106;2174.0;25.0;53.7343685;86.8362437;189.0;3.503435217770697;-2.0273351029083457;166.42988505747434;2075.0;70.8;27.426185583291897;403.95;-0.0642398286937901;-0.9972468644845518;-0.061180789232181;Груженный движется вперед;95;7530G;240;1829.0;85.0;100.0;769.5438596491229;23.385964912280706;768.0;22.0;840.0;37.0;849.1724137931035;33.0;48.0;36.0;856.0;40.0;50.139291666666665;7.5;6.9;12.4;7.5;2.6889284913240825;2.6929722905112508;0;7.6;7.6;10.6;10.6;-;0;7.6;10.6;0.0;0;0;-;0.0;0;0;25.0;0.0
107;2201.0;26.0;53.7344763;86.8358651;191.0;2.3639679214134173;-2.445529126147231;167.84444444444753;2075.0;71.2;27.668616627413147;394.55;-0.0540430304884266;-1.0359946976649332;-0.0428265524625267;Груженный движется вперед;95;7530G;240;1832.0;83.0;100.0;769.6;23.4;768.0;22.0;840.0;37.0;849.0804597701149;33.0;48.0;36.0;856.0;40.0;50.57768055555555;8.3;7.1;16.0;8.2;2.2886261307281406;2.4522542220297945;0;7.6;7.6;15.37;10.6;point_30%;5;7.6;10.6;0.0;0;0;-;0.0;0;0;0.0;0.0
108;2232.0;28.0;53.7346525;86.8355037;188.0;3.2992059001171206;-2.8321956707606817;169.0505747126468;2075.0;71.6;30.83971710756261;400.45;-0.0489446313857448;-1.0247782196390334;-0.0591414295911083;Груженный движется вперед;95;7530G;240;1830.0;84.0;99.5;769.6561403508772;23.4140350877193;768.0;22.0;840.0;37.0;848.9885057471265;33.0;48.0;36.0;856.0;40.0;51.13386111111111;8.2;7.4;12.6;7.1;2.015163171134245;2.314629800143152;0;7.6;7.6;10.6;10.6;-;0;7.6;10.6;0.0;0;0;-;0.0;0;0;0.0;0.0
109;2267.0;33.0;53.7348829;86.8351453;189.0;1.6380524188094823;-3.1426498518881605;170.14329501916023;2075.0;71.6;34.854276019437584;376.15;-0.0662791883348628;-1.0319159783827878;-0.0295707147955541;Груженный движется вперед;95;7530G;240;1836.0;79.0;100.0;769.7122807017544;23.4280701754386;768.0;22.0;840.0;37.0;848.8965517241379;33.0;48.0;36.0;856.0;40.0;51.55180555555555;9.3;5.7;13.5;11.4;1.6970880743492391;2.387255108490306;0;7.6;7.6;10.6;10.6;-;0;7.6;10.6;0.0;0;0;-;0.0;0;0;0.0;0.0
110;2306.0;37.0;53.7351207;86.8347175;189.0;2.4251780186919687;-3.3799359341112103;171.08735632184224;2075.0;71.6;38.656649025336215;366.6;0.0112164780258998;-0.9870500662791885;-0.0418068726419904;Груженный движется вперед;95;7530G;240;1838.0;76.0;100.0;769.7684210526315;23.44210526315789;768.0;22.0;840.0;37.0;848.8045977011494;33.0;48.0;36.0;856.0;40.0;51.95913888888889;7.3;7.1;12.8;10.6;1.3200085970265194;2.375103421204436;0;7.6;7.6;10.6;10.6;-;0;7.6;10.6;0.0;0;0;-;0.0;0;0;0.0;0.0
111;2349.0;37.0;53.7353901;86.8342445;186.0;-0.7087425882041287;-3.8217196162371563;171.825287356325;2075.0;72.4;43.23763945410183;231.0625;-0.0642398286937901;-0.9870500662791885;0.0122361578464362;Груженный движется вперед;95;7530G;240;1150.0;56.0;82.5;769.8245614035088;23.45614035087719;768.0;22.0;840.0;37.0;848.7126436781609;33.0;48.0;36.0;856.0;40.0;52.15169097222222;9.4;6.9;11.7;8.8;1.074765995037437;2.3039593348763274;0;7.6;7.6;10.6;10.6;-;0;7.6;10.6;0.0;0;0;-;0.0;0;0;0.0;0.0
112;2393.0;37.0;53.7356844;86.8337964;186.0;0.17443391078029682;-4.0056365854352824;172.48045977011813;2075.0;72.4;44.090536114769606;95.525;-0.1050270215152442;-0.9992862241256244;-0.003059039461609;Груженный движется вперед;95;7530G;240;1065.0;36.0;65.0;769.880701754386;23.47017543859649;768.0;22.0;840.0;37.0;848.6206896551723;33.0;48.0;36.0;856.0;40.0;52.25782986111111;10.2;6.9;13.3;6.9;0.7591904005332131;2.015928725811163;0;11.02;7.6;10.6;10.6;point_30%;6;7.6;10.6;0.0;0;0;-;0.0;0;0;0.0;0.0
113;2435.0;35.0;53.7360245;86.8335221;186.0;-0.2806861329620851;-4.1300699017837905;172.95555555555876;2075.0;72.8;41.94812586697341;227.45;-0.0876924645661262;-1.0370143774854697;0.0050983991026817;Груженный движется вперед;95;7530G;240;1503.0;64.0;74.5;769.9368421052632;23.484210526315792;768.0;22.0;840.0;37.0;848.528735632184;33.0;48.0;36.0;856.0;40.0;52.51055208333333;9.7;7.9;13.1;8.8;0.4940669246264341;1.7937881544704686;0;11.02;7.6;10.6;10.6;point_30%;6;7.6;10.6;0.0;0;0;-;0.0;0;0;0.0;0.0
114;2473.0;34.0;53.7363576;86.8333944;186.0;0.7984938710896066;-4.381839980252625;173.24214559387292;2075.0;72.8;38.02259041705387;311.775;-0.0968695829509534;-1.0196798205363515;-0.0142755174875089;Груженный движется вперед;95;7530G;240;1613.0;79.0;82.0;769.9929824561403;23.498245614035085;768.0;22.0;840.0;37.0;848.4367816091954;33.0;48.0;36.0;856.0;40.0;52.85696875;11.7;6.9;14.9;8.6;0.3227894467994354;1.7886743014140425;0;11.02;7.6;15.37;10.6;point_30%;6;7.6;10.6;0.0;0;0;-;0.0;0;0;0.0;0.0
115;2511.0;36.0;53.7366929;86.8332689;188.0;0.44105032067030536;-4.445407496504161;173.37777777778098;2075.0;72.8;38.22988244776165;286.725;-0.0836137452839808;-1.0563882940756602;-0.0081574385642908;Груженный движется вперед;95;7530G;240;1547.0;82.0;86.5;770.0491228070175;23.512280701754385;768.0;22.0;840.0;37.0;848.344827586207;33.0;48.0;36.0;856.0;40.0;53.175552083333336;10.3;8.0;12.6;9.2;0.08525081266898171;1.7698549395693988;0;11.02;7.6;10.6;10.6;point_30%;6;7.6;10.6;0.0;0;0;-;0.0;0;0;0.0;0.0
116;2552.0;38.0;53.7370556;86.8331452;188.0;-0.7402265879255634;-4.3037133300188035;173.37931034483077;2075.0;72.8;41.18963486014256;165.375;-0.1040073416947078;-1.020699500356888;0.0132558376669725;Груженный движется вперед;95;7530G;240;1460.0;50.0;49.5;770.1052631578948;23.526315789473685;768.0;22.0;840.0;37.0;848.2528735632184;33.0;48.0;36.0;856.0;40.0;53.40523958333333;9.3;6.4;12.9;8.0;-0.03438611896973123;1.7295279713078218;0;7.6;7.6;10.6;10.6;-;0;7.6;10.6;0.0;0;0;-;0.0;0;0;0.0;0.0
117;2596.0;39.0;53.7374384;86.8330416;186.0;2.018153889521344;-4.013478421532726;173.3302681992369;2075.0;73.2;43.15636520724232;161.0625;-0.061180789232181;-0.9819516671765066;-0.0346691138982359;Груженный движется вперед;95;7530G;240;1154.0;52.5;74.5;770.1614035087719;23.540350877192985;768.0;22.0;840.0;37.0;848.1609195402299;33.0;48.0;36.0;856.0;40.0;53.58419791666667;8.7;6.6;11.9;8.4;-0.14091243547620383;1.5881866967003484;0;7.6;7.6;10.6;10.6;-;0;7.6;10.6;0.0;0;0;-;0.0;0;0;0.0;0.0
118;2640.0;39.0;53.7378363;86.8330299;187.0;-1.0907961250318814;-3.834210563542064;173.20306513410281;2075.0;72.8;44.30147424051472;156.75;-0.0428265524625267;-1.0166207810747423;0.0193739165901906;Груженный движется вперед;95;7530G;240;1156.0;55.0;99.5;770.2175438596491;23.55438596491228;768.0;22.0;840.0;37.0;848.0689655172414;33.0;48.0;36.0;856.0;40.0;53.75836458333333;8.3;7.5;11.9;8.3;-0.08660347644925157;1.5598828917707692;0;7.6;7.6;10.6;10.6;-;0;7.6;10.6;0.0;0;0;-;0.0;0;0;0.0;0.0
119;2686.0;39.0;53.7382536;86.8330376;187.0;-2.690437864289018;-3.567347098286576;173.15402298850896;2075.0;72.8;46.457176696310256;114.9;-0.0672988681553992;-1.017640460895279;0.0479249515652085;Груженный движется вперед;95;7530G;240;1012.0;41.8;76.55000000000001;770.2736842105263;23.568421052631574;768.0;22.0;840.0;37.0;848.0;33.0;48.0;36.0;856.0;40.0;53.854114583333335;8.7;7.1;11.9;7.9;-0.084722777117886;1.577957557062593;0;7.6;7.6;10.6;10.6;-;0;7.6;10.6;0.0;0;0;-;0.0;0;0;0.0;0.0
120;2731.0;39.0;53.7386583;86.8330327;187.0;1.4399585565865154;-3.554054047497833;173.11877394636335;2075.0;73.2;45.05291600071179;59.10000000000001;-0.0723972672580809;-1.011522381972061;-0.0254919955134087;Груженный движется вперед;95;7530G;240;845.0;24.2;45.95;770.3298245614035;23.58245614035088;768.0;22.0;840.0;37.0;848.0;33.0;48.0;36.0;856.0;40.0;53.91978125;8.4;7.1;11.9;8.3;-0.048781881246361736;1.5764820133852488;0;7.6;7.6;10.6;10.6;-;0;7.6;10.6;0.0;0;0;-;0.0;0;0;0.0;0.0
121;2777.0;39.0;53.739064;86.8330288;187.0;-1.1712553512353758;-3.257663776865681;173.12337164751278;2075.0;72.8;45.16381215258513;17.25;-0.0672988681553992;-0.9952075048434792;0.020393596410727;Груженный движется вперед;95;7530G;240;710.0;11.0;23.0;770.3859649122808;23.596491228070175;768.0;22.0;840.0;37.0;848.0;33.0;48.0;36.0;856.0;40.0;53.93894791666666;9.1;6.6;11.2;8.0;-0.05584489699523806;1.3932864309135367;0;7.6;7.6;10.6;10.6;-;0;7.6;10.6;0.0;0;0;-;0.0;0;0;0.0;0.0
122;2822.0;39.0;53.7394682;86.8331514;186.0;-0.8878464034650134;-3.0202468435251677;173.08429118774265;2075.0;73.2;45.71444349142475;108.025;-0.0622004690527174;-0.9850107066381156;0.0152951973080452;Груженный движется вперед;95;7530G;240;890.5;47.0;100.0;770.4421052631578;23.61052631578947;768.0;22.0;840.0;37.0;848.0;33.0;48.0;36.0;856.0;40.0;54.088982638888886;9.1;8.2;13.7;5.6;0.14615561860932094;1.1670683414371474;0;7.6;7.6;10.6;10.6;-;0;7.6;10.6;0.0;0;0;-;0.0;0;0;0.0;0.0
123;2878.0;38.0;53.7399291;86.8334843;187.0;0.9290040708539112;-2.971947241248739;173.18927203065454;2075.0;73.2;55.79373026638464;140.7;-0.0744366268991536;-1.00336494340777;-0.0163148771285816;Груженный движется вперед;95;7530G;240;1378.0;41.0;59.0;770.4982456140351;23.62456140350877;768.0;22.0;840.0;37.0;848.0;33.0;48.0;36.0;856.0;40.0;54.28439930555555;9.3;7.0;13.0;7.9;0.2725782956713023;1.0688972731518778;0;7.6;7.6;10.6;10.6;-;0;7.6;10.6;0.0;0;0;-;0.0;0;0;0.0;0.0
124;2923.0;37.0;53.7402839;86.8338135;187.0;-0.7470440576443124;-2.4992859494855484;173.38467432950512;2075.0;72.8;45.05327051741981;256.35;0.0;-1.0166207810747423;0.0132558376669725;Груженный движется вперед;95;7530G;240;1502.0;70.0;75.0;770.5543859649123;23.63859649122807;768.0;22.0;840.0;37.0;848.0;33.0;48.0;36.0;856.0;40.0;54.56923263888888;7.3;7.7;10.6;9.8;0.42518883722327544;1.0366940440170918;0;7.6;7.6;10.6;10.6;-;0;7.6;10.6;0.0;0;0;-;0.0;0;0;0.0;0.0
125;2966.0;38.0;53.7406155;86.8341451;187.0;0.9000205260283743;-2.076556773429572;173.73256704981165;2075.0;72.8;42.88730697733908;196.55;-0.0367084735393086;-1.0054043030488429;-0.0158050372183134;Груженный движется вперед;95;7530G;240;1555.0;55.0;55.0;770.6105263157895;23.65263157894737;768.0;22.0;840.0;37.0;848.0;33.0;48.0;36.0;856.0;40.0;54.73302430555555;8.7;8.0;12.8;7.8;0.42505105535621557;1.0366975577382243;0;7.6;7.6;10.6;10.6;-;0;7.6;10.6;0.0;0;0;-;0.0;0;0;0.0;0.0
126;3010.0;39.0;53.7409517;86.8344813;189.0;2.221670467382443;-1.7920761850504903;174.09961685824075;2075.0;72.8;43.482155964082445;131.10000000000002;-0.0244723156928724;-1.0247782196390334;-0.0397675130009177;Груженный движется вперед;95;7530G;240;1385.0;40.0;43.0;770.6666666666667;23.666666666666664;768.0;22.0;840.0;37.0;848.0;33.0;48.0;36.0;856.0;40.0;54.878690972222216;9.3;8.4;12.9;9.7;0.5097901229624279;1.0693478821408315;0;7.6;7.6;10.6;10.6;-;0;7.6;10.6;0.0;0;0;-;0.0;0;0;0.0;0.0
127;3054.0;38.0;53.7413018;86.8348058;188.0;0.7386207239856744;-1.4604166338675904;174.4919540229917;2075.0;72.8;44.44546748779126;166.05;0.0183542367696543;-1.06760477210156;-0.0137656775772407;Груженный движется вперед;95;7530G;240;1162.5;57.0;100.0;770.7228070175438;23.680701754385964;768.0;22.0;840.065934065934;37.0;848.0;33.0;48.0;36.0;856.0;40.0;55.063190972222216;9.6;9.1;11.4;10.3;0.4175993943465046;1.0367047452290297;0;7.6;7.6;10.6;10.6;-;0;7.6;10.6;0.0;0;0;-;0.0;0;0;0.0;0.0
128;3098.0;37.0;53.7416406;86.8351446;188.0;2.024714511621649;-1.1535094973266695;174.82681992337487;2075.0;72.8;43.81823907342129;125.7;-0.0071377587437544;-1.009483022330988;-0.0356887937187723;Груженный движется вперед;95;7530G;240;1417.0;36.0;54.0;770.7789473684211;23.694736842105264;768.0;22.0;840.1538461538462;37.0;848.0;33.0;48.0;36.0;856.0;40.0;55.20285763888888;8.7;7.5;12.1;9.2;0.31792941025581944;1.0367081356862766;0;7.6;7.6;10.6;10.6;-;0;7.6;10.6;0.0;0;0;-;0.0;0;0;0.0;0.0
129;3140.0;37.0;53.7419678;86.8354718;185.0;1.2257200240221557;-0.8256726229451673;175.11034482758944;2075.0;72.8;42.3178818881421;177.3;-0.0550627103089629;-0.9992862241256244;-0.0214132762312633;Груженный движется вперед;95;7530G;240;1482.0;50.0;62.0;770.8350877192983;23.708771929824564;768.0;22.0;840.2417582417582;37.0;848.0;33.0;48.0;36.0;856.0;40.0;55.39985763888888;9.3;7.9;12.1;8.8;0.08237868609986784;1.0367116722101357;0;7.6;7.6;10.6;10.6;-;0;7.6;10.6;0.0;0;0;-;0.0;0;0;0.0;0.0
130;3184.0;37.0;53.7423052;86.8358092;186.0;1.0446325862598247;-0.7570868816512644;175.21226053640171;2075.0;72.8;43.63699294461663;149.325;-0.0244723156928724;-0.9503415927398796;-0.0173345569491179;Груженный движется вперед;95;7530G;240;1308.0;46.1;65.6;770.8912280701754;23.722807017543857;768.0;22.0;840.3296703296703;37.0;848.0;33.0;48.0;36.0;856.0;40.0;55.56577430555555;9.6;9.2;11.4;8.3;0.06795184096269115;1.139354949950288;0;7.6;7.6;10.6;10.6;-;0;7.6;10.6;0.0;0;0;-;0.0;0;0;0.0;0.0
131;3226.0;37.0;53.7426518;86.836079;184.0;-2.5659530415861065;-0.8146283636501055;175.29578544061627;2075.0;72.8;42.47639184610759;112.02500000000002;-0.0173345569491179;-1.023758539818497;0.0458855919241358;Груженный движется вперед;95;7530G;240;1104.5;40.900000000000006;70.4;770.9473684210526;23.73684210526316;768.0;22.0;840.4175824175825;37.0;848.0;33.0;48.0;36.0;856.0;40.0;55.721364583333326;12.1;9.8;13.3;10.0;0.0564878264745184;1.072704307051086;0;11.02;7.6;10.6;10.6;point_30%;7;7.6;10.6;0.0;0;0;-;0.0;0;0;0.0;0.0
132;3267.0;36.0;53.74297;86.8363716;188.0;-0.028343895121995356;-0.6479174067318957;175.4130268199266;2075.0;73.0;40.32176991990952;63.35000000000001;-0.0507290710716833;-1.029366778831447;0.0005098399102682;Груженный движется вперед;95;7530G;240;907.0;30.0;57.5;771.0315789473684;23.757894736842104;768.0;22.0;840.5494505494505;37.0;848.0;33.0;48.0;36.0;856.0;40.0;55.80935069444444;10.6;8.3;13.3;10.3;-0.05142817726146487;1.064056377012668;0;11.02;7.6;10.6;10.6;point_30%;7;7.6;10.6;0.0;0;0;-;0.0;0;0;0.0;0.0
133;3320.0;35.0;53.7433869;86.8367629;184.0;0.20458431478261643;-0.7173678634002989;175.50651340996495;2075.0;72.8;53.08050833939448;111.425;0.020393596410727;-0.9992862241256244;-0.0035688793718772;Груженный движется вперед;95;7530G;240;941.0;48.0;100.0;771.1157894736842;23.77894736842105;768.0;22.0;840.6813186813187;37.0;848.0;33.0;48.0;36.0;856.0;40.0;55.93315625;9.6;7.5;12.4;9.2;-0.23186761970011277;1.073768755776529;0;11.02;7.6;10.6;10.6;point_30%;7;7.6;10.6;0.0;0;0;-;0.0;0;0;0.0;0.0
134;3359.0;35.0;53.7436962;86.8370466;189.0;0.7237629362855361;-0.8314692450279106;175.45823754789595;2075.0;73.2;39.1713222475972;95.05;-0.0479249515652085;-1.0482308555113695;-0.0132558376669725;Груженный движется вперед;95;7530G;240;768.0;48.0;100.0;771.1719298245614;23.79298245614035;768.0;22.0;840.7692307692307;37.0;848.0;33.0;48.0;36.0;856.0;40.0;56.03876736111111;10.5;11.2;16.5;11.5;-0.2678671025021119;1.06398404984324;0;11.02;11.02;15.37;10.6;point_30%;7;7.6;10.6;0.0;0;0;-;0.0;0;0;0.0;0.0
135;3412.0;33.0;53.7441143;86.8374391;187.0;-1.4556590822341349;-0.9440310212472675;175.35019157088448;2075.0;73.6;53.23543233322713;32.975;-0.0183542367696543;-1.0431324564086877;0.0265116753339451;Груженный движется вперед;95;7530G;240;1305.0;12.0;18.0;771.2280701754386;23.80701754385965;768.0;22.0;840.8571428571429;37.0;848.0;33.0;48.0;36.0;856.0;40.0;56.084565972222215;10.6;8.7;11.5;11.9;-0.44704870688164144;1.2236761924961503;0;11.02;7.6;10.6;10.6;point_30%;7;7.6;10.6;0.0;0;0;-;0.0;0;0;0.0;0.0
136;3459.0;32.0;53.7445099;86.8376811;184.0;-1.6102862410375722;-1.1553557603350597;175.10881226053965;2075.0;73.2;46.83199617153384;39.725;0.040787192821454;-0.9421841541755888;0.0265116753339451;Груженный движется вперед;95;7530G;240;1299.0;14.0;22.0;771.2842105263157;23.821052631578947;768.0;22.0;840.945054945055;37.0;848.0;33.0;48.0;36.0;856.0;40.0;56.1287048611111;8.3;8.8;11.6;9.6;-0.6646834079260193;1.414223409774646;0;7.6;7.6;10.6;10.6;-;0;7.6;10.6;0.0;0;0;-;0.0;0;0;0.0;0.0
137;3494.0;34.0;53.7448242;86.837765;185.0;-1.1371361057954208;-1.5437400873161278;174.64137931034807;2075.0;72.8;35.421607120185094;39.45;0.020393596410727;-0.9758335882532884;0.0193739165901906;Груженный движется вперед;95;7530G;240;1304.0;14.0;22.5;771.340350877193;23.835087719298244;768.0;22.0;841.032967032967;37.0;848.0;33.0;48.0;36.0;856.0;40.0;56.18349652777777;9.1;8.4;11.7;10.5;-0.8288112527329694;1.4497786897383584;0;7.6;7.6;10.6;10.6;-;0;7.6;10.6;0.0;0;0;-;0.0;0;0;0.0;0.0
138;3534.0;34.0;53.7451787;86.8378379;186.0;-1.7717729984053308;-1.6356801769087235;174.05517241379633;2075.0;72.8;39.75418038461615;40.25;-0.0183542367696543;-1.0217191801774244;0.0316100744366268;Груженный движется вперед;95;7530G;240;1299.0;15.0;23.0;771.3964912280702;23.849122807017544;768.0;22.0;841.1208791208792;37.0;848.0;33.0;48.0;36.0;856.0;40.0;56.23939930555554;8.8;8.2;11.4;9.1;-1.0006048428404488;1.4629710718244122;0;7.6;7.6;10.6;10.6;-;0;7.6;10.6;0.0;0;0;-;0.0;0;0;0.0;0.0
139;3583.0;34.0;53.7456174;86.8379182;183.0;-3.4103831256670194;-1.7984410984554926;173.28122605364305;2075.0;73.2;49.12196698472584;41.025;-0.023452635872336;-0.99214846538187;0.0591414295911083;Груженный движется вперед;95;7530G;240;1299.0;15.0;23.0;771.4526315789474;23.863157894736844;768.0;22.0;841.2087912087912;37.0;848.0;33.0;48.0;36.0;856.0;40.0;56.28498263888888;10.3;9.6;10.0;11.1;-1.0684847375248703;1.5308849797205073;0;11.02;7.6;10.6;10.6;point_30%;8;7.6;10.6;0.0;0;0;-;0.0;0;0;0.0;0.0
140;3623.0;33.0;53.7459743;86.8379423;185.0;-1.5156799275174335;-1.7862160653204724;172.41072796935185;2075.0;72.8;39.762264036056415;41.05;-0.0356887937187723;-1.0013255837666972;0.0265116753339451;Груженный движется вперед;95;7530G;240;1299.0;15.0;23.0;771.5087719298245;23.87719298245614;768.0;22.0;841.2967032967033;37.0;848.0;33.0;48.0;36.0;856.0;40.0;56.33059374999999;9.2;9.2;12.8;8.0;-1.0624313169752901;1.5048207454178684;0;7.6;7.6;10.6;10.6;-;0;7.6;10.6;0.0;0;0;-;0.0;0;0;0.0;0.0
141;3671.0;34.0;53.7464066;86.8379906;186.0;-0.39281204201998304;-1.6828607206088848;171.56015325670816;2075.0;73.2;48.229159143721375;40.8;-0.0652595085143265;-1.0390537371265425;0.0071377587437544;Груженный движется вперед;95;7530G;240;1299.0;15.0;23.0;771.5649122807017;23.89122807017544;768.0;22.0;841.3846153846154;37.0;848.0;33.0;48.0;36.0;856.0;40.0;56.37592708333332;8.7;8.2;11.5;9.6;-1.2263809460128148;1.4525426138246476;0;7.6;7.6;10.6;10.6;-;0;7.6;10.6;0.0;0;0;-;0.0;0;0;0.0;0.0
142;3711.0;35.0;53.746759;86.8380614;186.0;2.4703157267387073;-1.6568728817247598;170.58237547893035;2075.0;73.2;39.50555506511205;40.5;-0.0907515040277353;-1.0359946976649332;-0.0448659121035994;Груженный движется вперед;95;7530G;240;1299.0;15.0;23.0;771.621052631579;23.905263157894737;768.0;22.0;841.4725274725274;37.0;848.0;33.0;48.0;36.0;856.0;40.0;56.420927083333325;9.8;8.3;12.3;8.4;-1.2018206206912185;1.4635197451752762;0;7.6;7.6;10.6;10.6;-;0;7.6;10.6;0.0;0;0;-;0.0;0;0;0.0;0.0
143;3749.0;35.0;53.7471033;86.8381241;186.0;-2.566049620885927;-1.7302340247843981;169.5586206896583;2075.0;73.2;38.54955810824625;40.425;-0.0662791883348628;-1.0217191801774244;0.0458855919241358;Груженный движется вперед;95;7530G;240;1299.0;15.0;23.0;771.6771929824561;23.91929824561404;768.0;22.0;841.5604395604396;37.0;848.0;33.0;48.0;36.0;856.0;40.0;56.46584374999999;10.3;7.8;12.1;9.8;-1.1983652180747455;1.3073046288191739;0;11.02;7.6;10.6;10.6;point_30%;9;7.6;10.6;0.0;0;0;-;0.0;0;0;0.0;0.0
144;3793.0;36.0;53.7474799;86.8382959;187.0;0.11801279576001011;-1.6497658615096444;168.55402298850885;2075.0;73.2;43.42230195081634;40.9;-0.0040787192821454;-0.9901091057407974;-0.0020393596410727;Груженный движется вперед;95;7530G;240;1299.0;15.0;23.0;771.7333333333333;23.933333333333334;768.0;22.0;841.6483516483516;37.0;848.0;33.0;48.0;36.0;856.0;40.0;56.52264930555555;8.2;7.9;11.9;8.6;-1.2285261800190772;1.290816673624675;0;11.02;7.6;10.6;10.6;point_30%;9;7.6;10.6;0.0;0;0;-;0.0;0;0;0.0;0.0
145;3833.0;38.0;53.7478287;86.8384655;187.0;-1.0308443294380825;-1.637891796776413;167.52720306513723;2075.0;73.2;40.402125066891166;40.7;-0.0591414295911083;-0.9615580707657796;0.0173345569491179;Груженный движется вперед;95;7530G;240;1299.0;15.0;23.0;771.7894736842105;23.94736842105263;768.0;22.0;841.7362637362637;37.0;848.0;33.0;48.0;36.0;856.0;40.0;56.60178819444444;10.0;7.8;11.7;8.3;-1.432918579869571;1.0200438079084004;0;11.02;7.6;10.6;10.6;point_30%;9;7.6;10.6;0.0;0;0;-;0.0;0;0;0.0;0.0
146;3920.0;38.0;53.7484923;86.8391547;188.0;-2.4296620358883128;-1.584311896998082;166.3540229885088;2075.0;73.2;86.69217460587332;39.95;-0.023452635872336;-0.9850107066381156;0.0418068726419904;Груженный движется вперед;95;7530G;240;1299.0;14.0;22.0;771.8456140350877;23.96140350877193;768.0;22.0;841.8241758241759;37.0;848.0;33.0;48.0;36.0;856.0;40.0;56.64617708333333;11.2;11.4;13.3;8.4;-1.5194224134137693;0.8409789006527171;0;11.02;11.02;10.6;10.6;point_30%;9;7.6;10.6;0.0;0;0;-;0.0;0;0;0.0;0.0
147;3964.0;38.0;53.7487918;86.8396078;187.0;-1.5968776022078177;-1.4508201383594135;165.07049808429426;2075.0;73.2;44.73503245752013;40.575;-0.0280411950647496;-1.023758539818497;0.0285510349750178;Груженный движется вперед;95;7530G;240;1299.0;15.0;23.0;771.901754385965;23.97543859649123;768.0;22.0;841.9120879120879;37.0;848.0;33.0;48.0;36.0;856.0;40.0;56.69126041666666;8.3;7.5;11.7;9.3;-1.5446570928756413;0.874560824219026;0;11.02;7.6;10.6;10.6;point_30%;9;7.6;10.6;0.0;0;0;-;0.0;0;0;0.0;0.0
148;4009.0;38.0;53.7491013;86.8400453;187.0;-1.9489886222202866;-1.5474768646577735;163.73639846743598;2075.0;73.6;44.90520597796851;41.0;-0.0418068726419904;-1.0329356582033242;0.0351789538085041;Груженный движется вперед;95;7530G;240;1299.0;15.0;23.0;771.957894736842;23.989473684210523;768.0;22.0;842.0;37.0;848.0;33.0;48.0;36.0;856.0;40.0;56.73681597222221;10.1;7.9;11.5;9.4;-1.7859002885198187;0.9720192506935695;0;11.02;7.6;10.6;10.6;point_30%;9;7.6;10.6;0.0;0;0;-;0.0;0;0;0.0;0.0
149;4054.0;37.0;53.7494339;86.8404291;187.0;-1.6893245686340796;-1.6314089635429636;162.32413793103748;2075.0;74.0;44.82374606934184;54.025000000000006;-0.020393596410727;-1.0370143774854697;0.0305903946160905;Груженный движется вперед;95;7530G;240;1294.0;19.0;30.0;772.0;24.0;768.0;22.0;842.0879120879121;37.0;848.0;33.0;48.0;36.0;856.0;40.0;56.79684374999999;9.8;7.9;11.0;9.2;-2.1297063821919564;1.0027666327545417;0;7.6;7.6;10.6;10.6;-;0;7.6;10.6;0.0;0;0;-;0.0;0;0;0.0;0.0
150;4097.0;35.0;53.7497568;86.8407776;186.0;-0.9352004877275006;-1.3469932099505548;160.7172413793133;2075.0;74.0;42.64214013949751;40.8;0.0183542367696543;-0.9992862241256244;0.0163148771285816;Груженный движется вперед;95;7530G;240;1299.0;15.0;23.0;772.0;24.0;768.0;22.0;842.1758241758241;37.0;848.0;33.0;48.0;36.0;856.0;40.0;56.84217708333332;9.1;9.2;11.4;9.6;-2.4353936307284076;1.0021395814464549;0;7.6;7.6;10.6;10.6;-;0;7.6;10.6;0.0;0;0;-;0.0;0;0;35.0;0.0
151;4139.0;35.0;53.7500737;86.8411201;184.0;-2.6961965956510516;-0.9296440814955756;158.9563218390834;2075.0;74.0;41.86654208352395;41.2;0.0091771183848271;-1.017640460895279;0.0479249515652085;Груженный движется вперед;95;7530G;240;1299.0;15.0;23.0;772.0;24.0;768.0;22.0;842.2637362637363;37.0;848.0;33.0;48.0;36.0;856.0;40.0;56.910843749999984;9.1;8.4;10.9;9.3;-2.5980901905843514;1.036796948495919;0;7.6;7.6;10.6;10.6;-;0;7.6;10.6;0.0;0;0;-;0.0;0;0;0.0;0.0
152;4190.0;34.0;53.7504723;86.8415187;184.0;-3.547230261787665;-0.8040353362641967;157.12643678161209;2075.0;74.0;51.54959303758407;41.65;0.0076475986540226;-1.00336494340777;0.0622004690527174;Груженный движется вперед;95;7530G;240;1299.0;15.0;24.0;772.0;24.0;768.0;22.0;842.3516483516484;37.0;848.0;33.0;48.0;36.0;856.0;40.0;56.95712152777776;9.2;8.8;10.6;9.1;-2.8113557279458825;1.152623871474077;0;7.6;7.6;10.6;10.6;-;0;7.6;10.6;0.0;0;0;-;0.0;0;0;0.0;0.0
153;4228.0;35.0;53.7507814;86.841751;186.0;-3.7115862843558864;-1.0509761584910544;155.17931034483047;2075.0;73.6;37.654009780371815;41.25;-0.0346691138982359;-1.0054043030488429;0.0652595085143265;Груженный движется вперед;95;7530G;240;1299.0;15.0;23.0;772.0;24.0;768.0;22.0;842.4395604395604;37.0;848.0;33.0;48.0;36.0;856.0;40.0;57.00295486111109;9.3;8.4;10.0;9.7;-3.089940552066823;1.1442646029695263;0;7.6;7.6;10.6;10.6;-;0;7.6;10.6;0.0;0;0;-;0.0;0;0;0.0;0.0
154;4268.0;35.0;53.7511132;86.842006;186.0;-1.9185834264422723;-1.1613081733728337;153.11111111111393;2075.0;73.6;40.57141365570332;41.2;-0.0163148771285816;-1.0043846232283062;0.0336494340776996;Груженный движется вперед;95;7530G;240;1299.0;15.0;23.0;772.0;24.0;768.0;22.0;842.5274725274726;37.0;848.0;33.0;48.0;36.0;856.0;40.0;57.03728819444443;8.7;8.9;11.2;8.8;-3.486573624156281;1.071264095505523;0;7.6;7.6;10.6;10.6;-;0;7.6;10.6;0.0;0;0;-;0.0;0;0;0.0;0.0
155;4311.0;35.0;53.7514452;86.8423124;184.0;-3.6799279111479395;-1.2347801905291513;150.84521072797213;2075.0;73.6;42.10350540465137;41.125;-0.0010196798205363;-0.9829713469970428;0.0632201488732537;Груженный движется вперед;95;7530G;240;1299.0;15.0;23.0;772.0;24.0;768.0;22.0;842.6153846153846;37.0;848.0;33.0;48.0;36.0;856.0;40.0;57.08298263888887;8.8;9.1;11.4;10.0;-3.629865130001426;1.1494288923503881;0;7.6;7.6;10.6;10.6;-;0;7.6;10.6;0.0;0;0;-;0.0;0;0;0.0;0.0
156;4349.0;33.0;53.7517626;86.842553;185.0;-3.929234885053517;-1.31851385313131;148.5210727969376;2075.0;73.6;38.72027448487282;41.65;-0.0168247170388498;-1.0390537371265425;0.0713775874375446;Груженный движется вперед;95;7530G;240;1299.0;15.0;23.5;772.0;24.0;768.0;22.0;842.7032967032967;37.0;848.0;33.0;48.0;36.0;856.0;40.0;57.12926041666665;9.6;8.9;11.5;9.2;-3.360080561859567;1.1968814398072554;0;7.6;7.6;10.6;10.6;-;0;7.6;10.6;0.0;0;0;-;0.0;0;0;0.0;0.0
157;4386.0;30.0;53.752067;86.842755;185.0;-3.310356603708885;-1.8218351532242874;146.4544061302709;2075.0;74.0;36.401419169893614;42.3;-0.0469052717446721;-1.0390537371265425;0.0601611094116447;Груженный движется вперед;95;7530G;240;1299.0;15.0;24.0;772.0;24.0;768.0;22.0;842.7912087912088;37.0;848.0799999999999;33.0;48.0;36.0;856.0;40.0;57.18801041666665;10.1;10.0;12.6;9.2;-3.3912888922676014;1.0799978403888544;0;11.02;11.02;10.6;10.6;point_30%;10;7.6;10.6;0.0;0;0;-;0.0;0;0;0.0;0.0
158;4419.0;28.0;53.7523332;86.8429956;183.0;-4.263700666779706;-1.7561052593386124;144.38007662835514;2075.0;74.0;33.600032803170066;42.1;-0.0183542367696543;-0.9982665443050882;0.0744366268991536;Груженный движется вперед;95;7530G;240;1299.0;15.0;24.0;772.0;24.0;768.0;22.0;842.8791208791208;37.0;848.1866666666667;33.0;48.0;36.0;856.0;40.0;57.23478819444443;10.7;8.8;12.4;7.9;-3.1154857762595363;1.1642509977487907;0;11.02;11.02;10.6;10.6;point_30%;10;7.6;10.6;0.0;0;0;-;0.0;0;0;0.0;0.0
159;4454.0;27.0;53.7526157;86.8432013;183.0;-4.652949172127879;-2.095842668032627;142.5233716475122;2075.0;74.4;34.23905071039729;42.25;-0.0774956663607627;-0.9992862241256244;0.0815743856429081;Груженный движется вперед;95;7530G;240;1303.0;15.0;23.0;772.0;24.0;768.0;22.0;842.967032967033;37.0;848.2933333333333;33.0;48.0;36.0;856.0;40.0;57.26999652777776;11.2;8.2;11.7;8.9;-2.8575117589325103;0.8909959156588769;0;11.02;11.02;10.6;10.6;point_30%;10;7.6;10.6;0.0;0;0;-;0.0;0;0;0.0;0.0
160;4483.0;24.0;53.7528249;86.8434873;181.0;-6.031597021880302;-2.0405234846860205;140.81609195402558;2075.0;74.4;29.945381893695497;43.05;-0.0418068726419904;-0.9737942286122158;0.1029876618741715;Груженный движется вперед;95;7530G;240;1299.0;15.0;24.0;772.0;24.0;768.0;22.0;843.054945054945;37.0;848.4;33.0;48.0;36.0;856.0;40.0;57.3178298611111;12.1;10.9;11.7;11.4;-2.639933001857866;1.036823279040039;0;11.02;11.02;10.6;10.6;point_30%;10;7.6;10.6;0.0;0;0;-;0.0;0;0;0.0;24.0
161;4510.0;22.0;53.7530307;86.8436931;186.0;-1.2720935732689884;-2.2623830957572415;139.23141762452363;2075.0;74.4;26.614983864296324;89.875;-0.0387478331803813;-1.009483022330988;0.0224329560517997;Груженный движется вперед;95;7530G;240;1250.0;35.0;55.5;772.0;24.0;768.0;22.0;843.1428571428571;37.0;848.5066666666667;33.0;48.0;36.0;856.0;40.0;57.41769097222221;9.8;9.2;16.5;10.9;-2.3146798292628388;1.09029148854559;0;7.6;7.6;15.37;10.6;point_30%;10;7.6;10.6;0.0;0;0;-;0.0;0;0;0.0;0.0
162;4537.0;27.0;53.7532469;86.8438837;185.0;-0.4510677656774945;-2.540866722631018;137.86973180076882;2075.0;74.0;27.14111203342698;136.7;-0.0183542367696543;-1.0359946976649332;0.0081574385642908;Груженный движется вперед;95;7530G;240;1229.0;55.0;87.0;772.0;24.0;768.0;22.0;843.2307692307693;37.0;848.6133333333333;33.0;48.0;36.0;856.0;40.0;57.5695798611111;9.2;7.9;12.1;11.7;-1.9559575035699486;1.0368281961528285;0;7.6;7.6;15.37;10.6;point_30%;10;7.6;10.6;0.0;0;0;-;0.0;0;0;0.0;0.0
163;4569.0;30.0;53.7534948;86.8441316;188.0;-0.39868199744295596;-2.692725489882333;136.71417624521325;2075.0;74.0;32.0594580848736;40.65;-0.0642398286937901;-1.023758539818497;0.0071377587437544;Груженный движется вперед;95;7530G;240;1299.0;15.0;23.0;772.0;24.0;768.0;22.0;843.3186813186813;37.0;848.72;33.0;48.0;36.0;856.0;40.0;57.61474652777777;9.3;9.3;15.4;7.9;-1.5052296202519446;1.0368311308845115;0;7.6;7.6;15.37;10.6;point_30%;10;7.6;10.6;0.0;0;0;-;0.0;0;0;0.0;0.0
164;4605.0;32.0;53.7537712;86.844408;187.0;-1.8033771838179569;-2.7406066647900644;135.90038314176496;2075.0;74.0;35.745138725300606;40.75;-0.1325583766697257;-1.0278372591006424;0.0326297542571632;Груженный движется вперед;95;7530G;240;1298.0;15.0;23.0;772.0;24.0;768.0;22.0;843.4065934065934;37.0;848.8266666666666;33.0;48.0;36.0;856.0;40.0;57.67134374999999;9.6;7.4;15.8;8.3;-0.9826143814340303;0.8403066257644739;0;7.6;7.6;15.37;10.6;point_30%;10;7.6;10.6;0.0;0;0;-;0.0;0;0;0.0;0.0
165;4642.0;34.0;53.7540197;86.8447845;185.0;-1.001428058106656;-2.7331787702809445;135.4022988505772;2075.0;74.0;37.13970764574062;121.6;-0.092790863668808;-1.0166207810747423;0.0178443968593861;Груженный движется вперед;95;7530G;240;972.0;50.0;99.0;772.0;24.0;768.0;22.0;843.4945054945055;37.0;848.9333333333334;33.0;48.0;36.0;856.0;40.0;57.8064548611111;10.3;6.1;13.7;7.3;-0.5243731184315017;0.7011858925093307;0;11.02;7.6;10.6;10.6;point_30%;10;7.6;10.6;0.0;0;0;-;0.0;0;0;0.0;0.0
166;4691.0;34.0;53.7543004;86.8453468;189.0;-1.2848085561507994;-2.8811074635537754;135.09731800766534;2075.0;73.6;48.43726834169762;183.05;0.0254919955134087;-0.954420312022025;0.0214132762312633;Груженный движется вперед;95;7530G;240;1365.5;48.0;64.5;772.0;24.0;768.0;22.0;843.5824175824175;37.0;849.04;33.0;48.0;36.0;856.0;40.0;58.00984374999999;9.7;8.7;12.6;9.2;-0.08700421840513373;0.8458008049966873;0;7.6;7.6;10.6;10.6;-;0;7.6;10.6;0.0;0;0;-;0.0;0;0;0.0;0.0
167;4729.0;30.0;53.7545572;86.8457316;186.0;3.7662219069113045;-2.8925300512546133;135.12490421456187;2075.0;73.2;38.1927943094114;324.875;-0.0091771183848271;-0.9758335882532884;-0.0642398286937901;Груженный движется вперед;95;7530G;240;1624.0;81.0;84.5;772.0;24.0;768.0;22.0;843.6703296703297;37.0;849.1466666666666;33.0;48.0;36.0;856.0;40.0;58.37081597222221;8.4;8.0;10.7;9.6;0.28066723064566773;1.036841956674064;0;7.6;7.6;10.6;10.6;-;0;7.6;10.6;0.0;0;0;-;0.0;0;0;0.0;0.0
168;4762.0;30.0;53.7548128;86.8459872;185.0;2.5698794605632056;-3.288397508965867;135.4183908046002;2075.0;72.8;33.05498620582584;303.175;-0.0520036708473539;-0.9982665443050882;-0.0448659121035994;Груженный движется вперед;95;7530G;240;1709.0;73.0;76.5;772.0;24.0;768.0;22.0;843.7582417582418;37.0;849.2533333333333;33.0;48.0;36.0;856.0;40.0;58.70767708333332;8.3;6.9;12.5;8.8;0.7727897881962973;0.9967447428755548;0;7.6;7.6;10.6;10.6;-;0;7.6;10.6;0.0;0;0;-;0.0;0;0;0.0;0.0
169;4798.0;33.0;53.7550857;86.8462857;185.0;0.2908683657382238;-3.087145723365156;136.08275862069218;2075.0;73.2;36.17883279880236;196.65;-0.1050270215152441;-0.9987763842153564;-0.0050983991026817;Груженный движется вперед;95;7530G;240;1506.5;53.0;60.75;772.0;24.0;768.0;22.0;843.8901098901099;37.0;849.4133333333334;33.0;48.0;36.0;856.0;40.0;59.035427083333325;9.1;6.6;13.1;7.9;1.1936823469521607;0.9139983543570342;0;7.6;7.6;10.6;10.6;-;0;7.6;10.6;0.0;0;0;-;0.0;0;0;0.0;0.0
170;4857.0;36.0;53.7555067;86.8468347;189.0;2.424093153471468;-3.393510776837828;137.10574712643933;2075.0;72.4;59.17842822378774;378.6;0.0316100744366268;-0.9870500662791885;-0.0418068726419904;Груженный движется вперед;95;7530G;240;1836.0;79.0;100.0;772.0;24.0;768.0;22.0;844.0;37.0;849.5733333333333;33.0;48.0;36.0;856.0;40.0;59.45609375;8.4;7.1;11.9;10.0;1.4310069535584593;0.9694875140429589;0;7.6;7.6;10.6;10.6;-;0;7.6;10.6;0.0;0;0;-;0.0;0;0;0.0;0.0
171;4900.0;37.0;53.7558259;86.8472051;188.0;1.0550923519572795;-3.466877311987792;138.33716475096043;2075.0;72.4;43.09243694101063;374.7;-0.0825940654634444;-0.9931681452024064;-0.0183542367696543;Груженный движется вперед;95;7530G;240;1837.0;78.0;100.0;772.0;24.0;768.0;22.0;844.0;37.0;849.6800000000001;33.0;48.0;36.0;856.0;40.0;60.08059374999999;8.6;6.9;12.5;9.2;1.8327764710680408;0.9834723827113183;0;7.6;7.6;10.6;10.6;-;0;7.6;10.6;0.0;0;0;-;0.0;0;0;0.0;0.0
172;4955.0;37.0;53.7562324;86.8476628;189.0;1.7541818122345751;-3.6464636149714695;139.84444444444702;2075.0;72.0;54.36183648479246;372.7;-0.0214132762312633;-1.0319159783827878;-0.0316100744366268;Груженный движется вперед;95;7530G;240;1837.0;77.0;100.0;772.0;24.0;768.0;22.0;844.0;37.0;849.7866666666666;33.0;48.0;36.0;856.0;40.0;60.4947048611111;8.4;7.0;12.8;7.5;2.0510853869991297;0.9706473194927047;0;7.6;7.6;10.6;10.6;-;0;7.6;10.6;0.0;0;0;-;0.0;0;0;0.0;0.0
173;4999.0;39.0;53.7565574;86.848039;189.0;2.286412789936158;-3.691283318947112;141.41915708812522;2075.0;72.0;43.84059161964001;368.7;-0.1294993372081166;-1.0390537371265425;-0.0418068726419904;Груженный движется вперед;95;7530G;240;1838.0;76.0;100.0;772.0;24.0;768.0;22.0;844.0;37.0;849.8933333333333;33.0;48.0;36.0;856.0;40.0;60.90437152777777;9.3;7.5;17.0;6.3;2.2373687166950873;0.9074199820552254;0;7.6;7.6;18.55;10.6;point_60%;11;7.6;10.6;0.0;0;0;-;0.0;0;0;0.0;0.0
174;5043.0;37.0;53.7568755;86.8484595;189.0;2.2867849006387257;-3.7504007621589968;143.18160919540495;2075.0;72.4;44.94303692468032;374.275;-0.0560823901294993;-0.968695829509534;-0.0387478331803813;Груженный движется вперед;95;7530G;240;1837.0;78.0;100.0;772.0;24.0;768.0;22.0;844.0;37.0;850.0;33.0;48.0;36.0;856.0;40.0;61.2162673611111;8.8;6.5;12.6;8.6;2.2518385492770125;0.8295318598696342;0;7.6;7.6;10.6;10.6;-;0;7.6;10.6;0.0;0;0;-;0.0;0;0;0.0;0.0
175;5086.0;34.0;53.7571556;86.8488932;187.0;2.4284880893870637;-3.8224122150892703;145.0015325670525;2075.0;72.4;42.27298728677199;382.025;-0.0591414295911083;-0.9839910268175792;-0.0418068726419904;Груженный движется вперед;95;7530G;240;1834.0;80.0;99.0;772.0;24.0;768.0;22.0;844.0;37.0;850.1066666666667;33.0;48.0;36.0;856.0;40.0;61.74685763888888;7.9;6.4;12.9;6.9;2.377729641285285;0.7912771028762372;0;7.6;7.6;10.6;10.6;-;0;7.6;10.6;0.0;0;0;-;0.0;0;0;0.0;34.0
176;5133.0;33.0;53.7574605;86.8494029;187.0;1.94349892193005;-3.9795400888314116;146.9218390804625;2075.0;72.8;47.721522120229295;388.475;-0.0907515040277353;-1.017640460895279;-0.0346691138982359;Груженный движется вперед;95;7530G;240;1833.0;82.0;100.0;772.0;24.0;768.0;22.0;844.0;37.0;850.2133333333334;33.0;48.0;36.0;856.0;40.0;62.17849652777777;8.9;5.7;15.1;6.6;2.592429741375357;0.6540805885028536;0;7.6;7.6;15.37;10.6;point_30%;12;7.6;10.6;0.0;0;0;-;0.0;0;0;0.0;0.0
177;5168.0;31.0;53.7576515;86.8498243;186.0;2.390557272716729;-4.21752973421395;148.95708812260813;2075.0;72.4;34.94645286344061;390.4500000000001;-0.0856531049250535;-0.99775670439482;-0.0418068726419903;Груженный движется вперед;95;7530G;240;1833.0;82.0;100.0;772.0;24.0;768.0;22.0;844.0;37.0;850.3733333333333;33.0;48.0;36.0;856.0;40.0;62.82924652777777;8.6;6.3;12.6;7.8;2.9596426464452517;0.7756020102429279;0;7.6;7.6;15.37;10.6;point_30%;12;7.6;10.6;0.0;0;0;-;0.0;0;0;0.0;0.0
178;5213.0;33.0;53.757934;86.8503116;186.5;2.584048808054522;-4.863626923559273;151.12030651341274;2075.0;72.6;44.916912996877045;382.5;-0.1096155807076578;-0.9880697460997248;-0.0448659121035994;Груженный движется вперед;95;7530G;240;1835.0;80.0;99.75;772.0;24.0;768.0;22.0;844.0;37.0;850.5866666666666;33.0;48.0;36.0;856.0;40.0;63.67924652777777;8.8;6.5;15.4;7.5;2.9153148506551356;0.7025822945100841;0;7.6;7.6;15.37;10.6;point_30%;12;7.6;10.6;0.0;0;0;-;0.0;0;0;0.0;0.0
179;5297.0;35.0;53.7584215;86.8512855;189.0;2.2694405669431315;-5.319808477814268;153.15325670498368;2075.0;72.8;83.98390704706561;374.375;-0.058121749770572;-1.0533292546140511;-0.0418068726419904;Груженный движется вперед;95;7530G;240;1837.0;78.0;100.0;772.0;24.0;768.0;22.0;844.0;37.0;850.7466666666667;33.0;48.0;36.0;856.0;40.0;64.09521874999999;8.8;6.9;14.8;7.3;2.9521031274524194;0.4199503143690182;0;7.6;7.6;15.37;10.6;point_30%;12;7.6;10.6;0.0;0;0;-;0.0;0;0;0.0;0.0
180;5337.0;34.0;53.7585684;86.851842;190.0;3.2940326871070003;-5.263274551945168;155.12950191571167;2075.0;72.8;40.109513099457374;382.6;-0.1417354950545528;-0.9819516671765066;-0.0571020699500356;Груженный движется вперед;95;7530G;240;1835.0;80.0;100.0;772.0;24.0;768.0;22.0;844.0;37.0;850.8533333333334;33.0;48.0;36.0;856.0;40.0;64.5203298611111;8.6;6.6;16.6;7.1;2.8551969134851722;0.07502760263329056;0;7.6;7.6;15.37;10.6;point_30%;12;7.6;10.6;0.0;0;0;-;0.0;0;0;0.0;0.0
181;5375.0;31.0;53.7585934;86.8524046;187.0;3.0876496269157383;-5.20593298070948;156.94022988506038;2075.0;72.8;37.1302531041433;386.4;-0.0010196798205363;-0.9829713469970428;-0.0530233506678902;Груженный движется вперед;95;7530G;240;1833.0;82.0;100.0;772.0;24.0;768.0;22.0;844.0;37.0;850.96;33.0;48.0;36.0;856.0;40.0;64.94966319444443;8.8;6.9;12.0;9.3;3.1664039273681612;-0.16983615547292508;0;7.6;7.6;15.37;10.6;point_30%;12;7.6;10.6;0.0;0;0;-;0.0;0;0;0.0;0.0
182;5410.0;29.0;53.7585392;86.8529392;188.0;2.530631477446977;-4.944430187942012;158.8306513409991;2075.0;72.8;35.696694685861786;385.6;-0.1529519730804527;-0.921790557764862;-0.0412970327317222;Груженный движется вперед;95;7530G;240;1834.0;81.0;100.0;772.0;24.0;768.0;22.0;844.0;37.0;851.0666666666666;33.0;48.0;36.0;856.0;40.0;65.37810763888886;9.8;6.9;16.6;6.8;3.3374445996240127;-0.5473644890548255;0;7.6;7.6;15.37;10.6;point_30%;12;7.6;10.6;0.0;0;0;-;0.0;0;0;0.0;0.0
183;5441.0;22.0;53.7583968;86.8533344;188.0;5.359136372440183;-5.146276768365652;160.7318007662865;2075.0;72.4;30.459101639233342;404.5;-0.0127459977567043;-0.9564596716630978;-0.0897318242071989;Груженный движется вперед;95;7530G;240;1829.0;85.0;100.0;772.0;24.0;768.0;22.0;844.0;37.0;851.1733333333334;33.0;48.0;36.0;856.0;40.0;65.93991319444442;6.1;7.0;14.6;7.3;3.4241306978347423;-0.5956661397274212;0;7.6;7.6;15.37;10.6;point_30%;12;7.6;10.6;0.0;0;0;-;0.0;0;0;0.0;0.0
184;5465.0;20.0;53.7582723;86.8536451;186.0;2.7282568053865277;-4.608121971967256;162.55555555555856;2075.0;72.0;24.70227664500521;359.375;-0.1050270215152442;-1.0217191801774244;-0.0489446313857448;Груженный движется вперед;95;7530G;240;1770.0;84.5;85.5;772.0;24.0;768.0;22.0;844.0;37.0;851.28;33.0;48.0;36.0;856.0;40.0;66.33921874999997;9.2;5.0;13.4;9.4;3.4872892449731894;-0.6352580978173923;0;7.6;7.6;15.37;10.6;point_30%;12;7.6;10.6;0.0;0;0;-;0.0;0;0;0.0;0.0
185;5490.0;16.0;53.7581402;86.8539482;187.0;4.2779120432033935;-4.507750510273112;164.32643678161222;2075.0;71.6;24.782399617941287;354.4;-0.0326297542571632;-0.9809319873559702;-0.0734169470786173;Груженный движется вперед;95;7530G;240;1809.0;79.0;86.0;772.0;24.0;768.0;22.0;844.0;37.0;851.3866666666667;33.0;48.0;36.0;856.0;40.0;67.12677430555553;6.5;6.6;13.3;8.7;3.4917743863022626;-0.4303283800218156;0;7.6;7.6;15.37;10.6;point_30%;12;7.6;10.6;0.0;0;0;-;0.0;0;0;0.0;0.0
186;5531.0;14.0;53.7579872;86.854512;187.0;3.3354138609696404;-4.171506070259853;166.02452107279998;2075.0;71.2;40.82760795550725;257.15;-0.1376567757724074;-1.0054043030488429;-0.0591414295911083;Груженный движется вперед;95;7530G;240;1549.0;71.0;72.0;772.0;24.0;768.0;22.0;844.0;37.0;851.4933333333333;33.0;48.0;36.0;856.0;40.0;67.41249652777775;8.8;6.0;14.0;7.0;3.429421043454429;-0.37683121118323903;0;7.6;7.6;15.37;10.6;point_30%;12;7.6;10.6;0.0;0;0;-;0.0;0;0;0.0;0.0
187;5550.0;13.0;53.7579241;86.8547817;187.0;3.133108913784;-4.158184762630701;167.61072796935179;2075.0;71.6;19.08914602752953;304.04999999999995;-0.1223615784643621;-1.0359946976649332;-0.0571020699500356;Груженный движется вперед;95;7530G;240;1606.0;80.0;82.0;772.0;24.0;768.0;22.0;844.0;37.0;851.6;33.0;48.0;36.0;856.0;40.0;67.75032986111108;7.9;5.7;14.3;7.8;3.2505075695128514;-0.5285506780884153;0;7.6;7.6;15.37;10.6;point_30%;12;7.6;10.6;0.0;0;0;-;0.0;0;0;0.0;0.0
188;5565.0;14.0;53.7578584;86.854972;189.0;4.653848437995039;-3.9157938866784443;169.0681992337196;2075.0;71.2;14.503378843735083;325.8;-0.1172631793616804;-0.9952075048434792;-0.0815743856429081;Груженный движется вперед;95;7530G;240;1794.5;75.5;77.5;772.0;24.0;768.0;22.0;844.0;37.0;851.7066666666667;33.0;48.0;36.0;856.0;40.0;68.11232986111108;8.3;5.2;14.7;8.3;3.3010245371426374;-0.5267663905324351;0;7.6;7.6;15.37;10.6;point_30%;12;7.6;10.6;0.0;0;0;-;0.0;0;0;0.0;0.0
189;5582.0;17.0;53.7577798;86.8552006;188.0;3.584189786865807;-3.748848105285659;170.49425287356635;2075.0;71.2;17.404271317691094;410.55;-0.061180789232181;-1.0074436626899157;-0.0632201488732537;Груженный движется вперед;95;7530G;240;1754.5;97.0;97.5;772.0;24.0;768.0;22.0;844.0;37.0;851.8133333333333;33.0;48.0;36.0;856.0;40.0;68.6825381944444;8.3;5.7;12.1;8.7;3.317072807360095;-0.565096639165378;0;7.6;7.6;10.6;10.6;-;0;7.6;10.6;0.0;0;0;-;0.0;0;0;0.0;0.0
190;5604.0;18.0;53.7576751;86.8554799;188.0;-0.2319478685397329;-3.4291247279663173;171.90344827586526;2075.0;70.8;21.7653926429618;378.5750000000001;-0.0652595085143265;-1.0054043030488429;0.0040787192821454;Груженный движется вперед;95;7530G;240;1583.0;97.5;100.0;772.0;24.0;768.0;22.0;844.0;37.0;851.9200000000001;33.0;48.0;36.0;856.0;40.0;69.10317708333329;9.2;7.9;13.4;7.3;3.1887599634448915;-0.5140285389035979;0;7.6;7.6;10.6;10.6;-;0;7.6;10.6;0.0;0;0;-;0.0;0;0;0.0;0.0
191;5624.0;18.0;53.7575854;86.8557486;189.0;4.408064690363328;-3.1481863497659504;173.13716475096103;2075.0;70.8;20.308550091419537;110.875;0.003059039461609;-0.9523809523809524;-0.0734169470786173;Груженный движется вперед;95;7530G;240;1494.0;32.0;33.0;772.0;24.0;768.0;22.0;844.0;37.0;852.0;33.0;48.0;36.0;856.0;40.0;69.31876736111107;8.6;7.4;11.0;12.1;2.925921623570028;-0.5846758481322665;0;7.6;7.6;10.6;10.6;-;0;7.6;10.6;0.0;0;0;-;0.0;0;0;18.0;0.0
192;5662.0;19.0;53.7573982;86.856227;189.0;2.781271434475457;-2.906463604783888;174.21915708812583;2075.0;70.8;37.75712383385816;259.55;-0.0101967982053635;-1.0074436626899157;-0.0489446313857448;Груженный движется вперед;95;7530G;240;1559.0;69.0;71.0;772.0;24.0;768.0;22.0;844.0;37.0;852.0;33.0;48.0;36.0;856.0;40.0;69.67925347222219;6.9;6.9;14.2;7.4;2.4336329873640175;-0.6392353822222185;0;7.6;7.6;15.37;10.6;point_30%;13;7.6;10.6;0.0;0;0;-;0.0;0;0;0.0;0.0
193;5690.0;19.0;53.7572497;86.8565649;186.0;3.7556101353810494;-2.450622757491862;175.1731800766316;2075.0;70.4;27.709807261371235;412.225;-0.0214132762312633;-1.009483022330988;-0.0662791883348628;Груженный движется вперед;95;7530G;240;1741.0;97.0;98.0;772.0;24.0;768.0;22.0;844.0;37.0;852.0;33.0;48.0;36.0;856.0;40.0;70.13728124999996;6.6;7.3;13.4;8.3;1.8247369597826384;-0.59633939252166;0;7.6;7.6;15.37;10.6;point_30%;13;7.6;10.6;0.0;0;0;-;0.0;0;0;0.0;0.0
194;5713.0;19.0;53.7571324;86.8568572;186.0;0.8234440849230495;-2.4155323833701323;175.93563218391128;2075.0;70.8;23.250626200237715;195.7;-0.0112164780258998;-0.9931681452024064;-0.0142755174875089;Груженный движется вперед;95;7530G;240;1398.0;55.0;62.0;772.0;24.0;768.0;22.0;844.0;37.0;852.0;33.0;48.0;36.0;856.0;40.0;70.40908680555552;9.6;8.7;14.9;9.6;1.4934010418282084;-0.8017273784546437;0;7.6;7.6;15.37;10.6;point_30%;13;7.6;10.6;0.0;0;0;-;0.0;0;0;0.0;0.0
195;5732.0;20.0;53.7570062;86.8570638;185.0;1.8092495316909816;-2.2973176389380905;176.58237547893046;2075.0;71.2;19.551279293408182;235.275;-0.1029876618741715;-1.0278372591006424;-0.0326297542571632;Груженный движется вперед;95;7530G;240;1558.0;68.0;66.0;772.0;24.0;768.0;22.0;844.0;37.0;852.0;33.0;48.0;36.0;856.0;40.0;70.86656597222219;9.2;6.0;16.5;9.2;1.3787338425987612;-0.7662509249277902;0;7.6;7.6;15.37;10.6;point_30%;13;7.6;10.6;0.0;0;0;-;0.0;0;0;0.0;0.0
196;5779.0;20.0;53.7567184;86.8575696;185.0;-0.05810782559003071;-2.3327665865811498;177.17164750958182;2075.0;71.6;46.2018725328433;247.4;-0.0071377587437544;-1.0054043030488429;0.0010196798205363;Груженный движется вперед;95;7530G;240;1325.0;74.0;99.0;772.0;24.0;768.0;22.0;844.0;37.0;852.0;33.0;48.0;36.0;856.0;40.0;71.14145486111109;9.8;8.6;11.5;9.3;0.7339467818889224;-0.7314549385477669;0;7.6;7.6;10.6;10.6;-;0;7.6;10.6;0.0;0;0;-;0.0;0;0;0.0;0.0
197;5802.0;20.0;53.7565764;86.8578372;186.0;1.2950558334423676;-2.0804115239004886;177.54099616858565;2075.0;71.6;23.665736272134204;58.65;-0.0846334251045171;-1.0339553380238604;-0.023452635872336;Груженный движется вперед;95;7530G;240;1265.0;21.0;22.0;772.0;24.0;768.0;22.0;844.0;37.0;852.0;33.0;48.0;36.0;856.0;40.0;71.20662152777776;8.7;6.3;11.4;10.2;0.4311440496170488;-0.5172800116411205;0;7.6;7.6;10.6;10.6;-;0;7.6;10.6;0.0;0;0;-;0.0;0;0;0.0;0.0
198;5825.0;20.0;53.7564733;86.8581437;187.0;-0.05907589302339813;-1.930210928778701;177.77394636015654;2075.0;71.6;23.208849686109083;73.4;-0.0418068726419904;-0.9880697460997246;0.0010196798205363;Груженный движется вперед;95;7530G;240;983.0;30.0;53.5;772.0;24.0;768.0;22.0;844.0;37.0;852.0;33.0;48.0;36.0;856.0;40.0;71.28817708333331;7.7;7.9;13.3;10.3;0.14900014491577449;-0.41584639470921236;0;7.6;7.6;10.6;10.6;-;0;7.6;10.6;0.0;0;0;-;0.0;0;0;0.0;0.0
199;5847.0;20.0;53.7563938;86.8584482;185.0;0.5748430185106569;-1.681807116177287;177.8429118773979;2075.0;72.0;21.90789048921552;153.875;-0.037728153359845;-1.015601101254206;-0.0101967982053635;Груженный движется вперед;95;7530G;240;1093.5;56.0;100.0;772.0;24.0;768.0;22.0;844.0;37.0;852.0;33.0;48.0;36.0;856.0;40.0;71.45914930555553;10.2;8.2;10.2;11.9;0.035760810797859366;-0.2571345003903247;0;11.02;7.6;10.6;10.6;point_90%;14;7.6;10.6;0.0;0;0;-;0.0;0;0;0.0;0.0
200;5874.0;23.0;53.7563318;86.858847;186.0;2.687428011190387;-1.8347045353997131;177.94559386973512;2075.0;71.6;27.13948806215573;307.15;-0.0275313551544814;-0.9554399918425616;-0.0448659121035994;Груженный движется вперед;95;7530G;240;1539.5;86.5;87.0;772.0;24.0;768.0;22.0;844.0;37.0;852.0;33.0;48.0;36.0;856.0;40.0;71.88574652777775;7.7;8.2;13.1;8.0;0.1262353738958182;-0.2317919226498939;0;11.02;7.6;10.6;10.6;point_90%;14;7.6;10.6;0.0;0;0;-;0.0;0;0;0.0;0.0
201;5905.0;28.0;53.7562691;86.8592963;187.0;-2.319677296114627;-2.2306552264146426;178.08429118774276;2075.0;71.6;30.38350722898787;47.025;-0.0305903946160905;-1.006423982869379;0.040787192821454;Груженный движется вперед;95;7530G;240;1293.0;17.0;22.0;772.0;24.0;768.0;22.0;844.0;37.0;852.0;33.0;48.0;36.0;856.0;40.0;71.93799652777776;9.7;8.0;14.7;10.9;0.19444736317033023;-0.3368249904030831;0;11.02;7.6;15.37;10.6;point_90%;14;7.6;10.6;0.0;0;0;-;0.0;0;0;0.0;0.0
202;5937.0;23.0;53.7561725;86.8597629;185.0;-3.4815274659374014;-2.6505544775041927;178.22452107280023;2075.0;72.4;32.5379700644963;43.85;0.0132558376669725;-1.0390537371265425;0.0632201488732537;Груженный движется вперед;95;7530G;240;1304.0;16.0;23.0;772.0;24.0;768.0;22.0;844.0;37.0;852.0;33.0;48.0;36.0;856.0;40.0;71.98671874999998;10.7;9.2;8.7;14.9;0.029326990127309716;-0.3948936148286104;0;11.02;7.6;15.37;15.37;point_90%;14;7.6;10.6;0.0;0;0;-;0.0;0;0;0.0;0.0
203;5964.0;21.0;53.7560814;86.8601326;182.0;-3.423987111563435;-2.87942823689739;178.1984674329535;2075.0;72.4;26.360932106605688;147.25;-0.0530233506678902;-0.9870500662791885;0.0591414295911083;Груженный движется вперед;95;7530G;240;1112.5;53.0;100.0;772.0;24.0;768.0;22.0;844.0;37.0;852.0;33.0;48.0;36.0;856.0;40.0;72.15032986111109;11.0;8.8;17.2;8.0;0.04112308043069324;-0.6510403045886517;0;11.02;7.6;18.55;10.6;point_90%;14;7.6;10.6;0.0;0;0;-;0.0;0;0;0.0;0.0
204;5987.0;19.0;53.7559542;86.860415;183.0;-2.2423383157698016;-2.9755169298966715;178.08429118774276;2075.0;72.4;23.36585667140193;138.0;-0.0428265524625267;-0.962577750586316;0.037728153359845;Груженный движется вперед;95;7530G;240;822.0;52.0;100.0;772.0;24.0;768.0;22.0;844.0;37.0;852.0;33.0;48.0;36.0;856.0;40.0;72.30366319444443;10.2;9.7;15.6;7.7;-0.20533829715292612;-0.8557043077196469;0;11.02;7.6;18.55;10.6;point_90%;14;7.6;10.6;0.0;0;0;-;0.0;0;0;0.0;0.0
205;6007.0;19.0;53.7558194;86.860613;184.5;1.5236010746134294;-3.1465685788176443;177.82835249042475;2075.0;73.0;19.87476720231196;140.1875;-0.0672988681553991;-0.9368308351177732;-0.0249821556031406;Груженный движется вперед;95;7530G;240;1061.25;53.0;100.0;772.0;24.0;768.0;22.0;844.0;37.0;852.0;33.0;48.0;36.0;856.0;40.0;72.45942708333331;10.5;10.2;18.5;9.8;-0.1416344155232698;-0.754905213151539;0;11.02;11.02;18.55;10.6;point_90%;14;7.6;10.6;0.0;0;0;-;0.0;0;0;0.0;0.0
206;6034.0;17.0;53.7556547;86.8609091;186.0;3.915554780713062;-3.133193896029776;177.6229885057504;2075.0;73.2;26.75724546592195;306.6;-0.0989089425920261;-0.948302233098807;-0.0652595085143265;Груженный движется вперед;95;7530G;240;1439.0;85.0;100.0;772.0;24.0;768.0;22.0;844.0;37.0;852.0;33.0;48.0;36.0;856.0;40.0;72.80009374999997;11.4;6.5;16.0;12.4;-0.21668578622384535;-0.6364667940695607;0;11.02;11.02;15.37;10.6;point_90%;14;7.6;10.6;0.0;0;0;-;0.0;0;0;0.0;0.0
207;6053.0;18.0;53.7555535;86.8611407;186.0;0.5561408493139341;-3.394457321497179;177.39386973180402;2075.0;73.6;18.95440645998881;151.1;-0.0948302233098807;-1.0461914958702967;-0.0101967982053635;Груженный движется вперед;95;7530G;240;1035.0;57.5;100.0;772.0;24.0;768.0;22.0;844.0;37.0;852.0;33.0;48.0;36.0;856.0;40.0;72.96798263888886;9.6;7.3;10.9;11.2;-0.2354194299187658;-0.7808160029857496;0;11.02;11.02;15.37;10.6;point_90%;14;7.6;10.6;0.0;0;0;-;0.0;0;0;0.0;0.0
208;6074.0;12.0;53.7554211;86.8613667;186.0;-4.223206095278469;-3.546953329687512;177.18084291188066;2075.0;73.6;20.940160406064376;51.45;0.0285510349750178;-0.9523809523809524;0.0703579076170082;Груженный движется вперед;95;7530G;240;1280.5;19.0;29.0;772.0;24.0;768.0;22.0;844.0;37.0;852.0;33.0;48.0;36.0;856.24;39.94;73.0394409722222;10.0;10.1;16.5;10.1;-0.39943752704394336;-0.6505452886575496;0;11.02;11.02;15.37;10.6;point_90%;14;7.6;10.6;0.0;0;0;-;0.0;0;0;0.0;0.0
209;6087.0;11.0;53.7553496;86.8615256;188.0;4.731794388730481;-3.91834238995589;176.9126436781642;2075.0;72.8;13.142665805244969;285.07500000000005;-0.0866727847455898;-1.006423982869379;-0.0836137452839808;Груженный движется вперед;95;7530G;240;1396.5;81.0;100.0;772.0;24.0;768.0;22.0;844.0;37.0;852.0;33.0;48.0;36.0;856.56;39.86;73.3561909722222;8.0;7.4;16.0;9.7;-0.4126592012135851;-0.5701927840098704;0;7.6;11.02;15.37;10.6;point_90%;14;7.6;10.6;0.0;0;0;-;0.0;0;0;0.0;0.0
210;6098.0;15.0;53.7552933;86.8616741;186.0;3.333257109985687;-3.8860747085472154;176.62911877394964;2075.0;72.4;11.610687129698569;53.125;-0.0418068726419904;-1.01458142143367;-0.0591414295911083;Груженный движется вперед;95;7530G;240;1312.0;20.0;20.0;772.0;24.0;768.0;22.0;844.0;37.0;852.0;33.0;48.0;36.0;856.88;39.78;73.41521874999997;8.3;11.7;16.7;6.3;-0.0883286454124309;-0.6289912428479822;0;7.6;11.02;15.37;10.6;point_90%;14;7.6;10.6;0.0;0;0;-;0.0;0;0;0.0;0.0
211;6119.0;15.0;53.7551855;86.8619247;184.0;1.7184567411982887;-3.9144969151139306;176.4605363984707;2075.0;71.6;20.397444249404597;147.5;-0.1060467013357805;-0.979912307535434;-0.0295707147955541;Груженный движется вперед;95;7530G;240;1041.0;56.0;100.0;772.0;24.0;768.0;22.0;844.0;37.0;852.0;33.0;48.0;36.0;857.2;39.7;73.62007986111108;9.3;9.8;16.0;11.1;0.20527655791198085;-0.7112112189492987;0;7.6;7.6;15.37;10.6;point_90%;14;7.6;10.6;0.0;0;0;-;0.0;0;0;0.0;0.0
212;6141.0;19.0;53.7550559;86.8621791;184.0;1.0641909599568125;-3.7507494231883536;176.4053639846776;2075.0;72.0;22.10215206669263;93.57500000000002;-0.0897318242071989;-0.9839910268175792;-0.0183542367696543;Груженный движется вперед;95;7530G;240;1148.0;2.0;60.25;772.0;24.0;768.0;22.0;844.0;37.0;852.0;33.0;48.0;36.0;857.52;39.620000000000005;73.7240520833333;9.8;6.4;14.3;10.0;0.272590001394178;-0.8957171361357981;0;7.6;7.6;15.37;10.6;point_90%;14;7.6;10.6;0.0;0;0;-;0.0;0;0;0.0;0.0
213;6166.0;21.0;53.7548819;86.8624147;190.0;-3.4507508430480884;-3.7073935110926106;176.3716475095818;2075.0;72.4;24.81228271618185;43.075;-0.0999286224125624;-1.0691342918323643;0.0647496686040583;Груженный движется вперед;95;7530G;240;1287.5;15.5;22.75;772.0;24.0;768.0;22.0;844.0;37.0;852.0;33.0;48.0;36.0;858.0;39.5;73.7838784722222;13.7;9.2;17.2;13.3;0.43322165637715443;-0.9808178025799603;0;13.299999999999999;7.6;18.55;10.6;point_90%;14;7.6;10.6;0.0;0;0;-;0.0;0;0;0.0;0.0
214;6196.0;17.0;53.7546538;86.862673;182.0;-4.207066713351577;-3.6307157352110284;176.4245210728002;2075.0;72.8;30.55814985309184;47.7;-0.0285510349750178;-1.011522381972061;0.0744366268991536;Груженный движется вперед;95;7530G;240;1287.0;17.0;27.0;772.0;24.0;768.0;22.0;844.0;37.0;852.0;33.0;48.0;36.0;858.48;39.38;73.8501284722222;14.6;10.6;11.7;12.1;0.972709496274536;-0.8535708830100863;0;15.579999999999998;11.02;18.55;10.6;point_90%;14;7.6;10.6;0.0;0;0;-;0.0;0;0;0.0;0.0
215;6218.0;18.0;53.754509;86.8628866;186.0;1.9390929526508196;-3.2570092909746853;176.67509578544386;2075.0;72.4;21.388830295649505;77.025;-0.037728153359845;-0.9931681452024064;-0.0336494340776996;Груженный движется вперед;95;7530G;240;957.5;37.0;66.0;772.0;24.0;768.0;22.0;844.0;37.0;852.0;33.0;48.0;36.0;858.8;39.3;73.9143159722222;9.8;11.5;17.9;11.5;0.9216926111856688;-0.6785666317534926;0;7.6;11.02;18.55;10.6;point_90%;14;7.6;10.6;0.0;0;0;-;0.0;0;0;0.0;0.0
216;6238.0;19.0;53.7543933;86.8631293;191.0;-1.0531402086731225;-2.892180814165078;176.9455938697351;2075.0;72.4;20.51985153025986;98.25;-0.058121749770572;-1.052309574793515;0.0193739165901906;Груженный движется вперед;95;7530G;240;770.0;48.0;100.0;772.0;24.0;768.0;22.0;844.0;37.0;852.0;33.0;48.0;36.0;859.12;39.22;74.02348263888886;9.4;7.4;16.0;9.1;0.8057880526360457;-0.6242662207307053;0;7.6;7.6;18.55;10.6;point_90%;14;7.6;10.6;0.0;0;0;-;0.0;0;0;0.0;0.0
217;6260.0;19.0;53.7542786;86.8633986;186.0;-0.236008570957245;-2.689003337783551;177.1486590038347;2075.0;72.4;21.845138537267257;111.25;-0.1193025390027531;-0.9829713469970428;0.0040787192821454;Груженный движется вперед;95;7530G;240;875.0;49.0;100.0;772.0;24.0;768.0;22.0;844.0;37.0;852.0;33.0;48.0;36.0;859.44;39.14;74.14709374999998;8.9;7.5;17.5;10.3;0.5687008558219697;-0.6763086278785826;0;7.6;7.6;18.55;10.6;point_90%;14;7.6;10.6;0.0;0;0;-;0.0;0;0;0.0;0.0
218;6279.0;15.0;53.7541715;86.8636243;184.0;-0.8700707881378122;-2.5748385540906495;177.30651340996496;2075.0;72.0;19.04800219187884;148.7;-0.0346691138982359;-1.0737228510247785;0.0163148771285816;Груженный движется вперед;95;7530G;240;1075.0;55.0;100.0;772.0;24.0;768.0;22.0;844.0;37.0;852.0;33.0;48.0;36.0;859.76;39.06;74.31231597222221;9.2;8.2;11.0;10.5;0.4740171582394726;-0.5534746205864622;0;7.6;7.6;15.37;10.6;point_90%;14;7.6;10.6;0.0;0;0;-;0.0;0;0;0.0;0.0
219;6296.0;16.0;53.7540893;86.8638493;185.0;1.151635192364357;-2.2198455802080033;177.39386973180405;2075.0;71.6;17.408272842779393;236.4;-0.0897318242071989;-1.0105027021515245;-0.020393596410727;Груженный движется вперед;95;7530G;240;1305.0;74.0;99.0;772.0;24.0;768.0;22.0;844.0;37.0;852.0;33.0;48.0;36.0;860.0;39.0;74.57498263888887;9.8;7.7;14.8;9.2;0.6786494724285377;-0.7058865791344844;0;7.6;7.6;15.37;10.6;point_90%;14;7.6;10.6;0.0;0;0;-;0.0;0;0;0.0;0.0
220;6317.0;17.0;53.7539692;86.8640876;193.0;2.934177143808403;-2.1110488158315563;177.56321839080786;2075.0;71.2;20.60966468506625;212.6;0.0040787192821454;-1.01458142143367;-0.0520036708473539;Груженный движется вперед;95;7530G;240;1207.0;69.0;100.0;772.0;24.0;768.0;22.0;844.0;37.0;852.0;33.0;48.0;36.0;860.0;39.0;74.8112048611111;9.4;7.1;14.9;13.9;0.7397147393341132;-0.43859614435322936;0;7.6;7.6;15.37;15.37;point_90%;14;7.6;10.6;0.0;0;0;-;0.0;0;0;0.0;0.0
221;6335.0;17.0;53.7539025;86.8643281;193.0;4.705112023532648;-1.7934077486033648;177.71954022988834;2075.0;71.2;17.484465852650743;390.725;0.0173345569491179;-1.00336494340777;-0.0825940654634444;Груженный движется вперед;95;7530G;240;1668.5;97.0;100.0;772.0;24.0;768.0;22.0;844.0;37.0;852.0;33.0;48.0;36.0;860.0;39.0;75.24534374999999;8.8;8.2;16.0;12.6;0.6929533799513897;-0.21748826643273067;0;7.6;7.6;15.37;10.6;point_90%;14;7.6;10.6;0.0;0;0;-;0.0;0;0;0.0;0.0
222;6353.0;18.0;53.753867;86.8645998;190.0;5.065403554726477;-1.416408438898957;177.88045977011822;2075.0;70.4;18.314561038454883;162.775;0.0214132762312633;-0.9890894259202612;-0.0876924645661262;Груженный движется вперед;95;7530G;240;1494.0;36.0;37.0;772.0;24.0;768.0;22.0;844.0;37.0;852.0;33.0;48.0;36.0;860.0;39.0;75.47142013888887;9.2;6.4;11.5;13.4;0.4075798003482967;-0.00496739288832182;0;7.6;7.6;10.6;10.6;-;0;7.6;10.6;0.0;0;0;-;0.0;0;0;0.0;0.0
223;6373.0;15.0;53.7538661;86.8649061;182.0;-2.2761246098842407;-0.7323804517882545;177.97624521073126;2075.0;70.8;20.1607143382625;161.2675;0.0101967982053635;-0.974813908432752;0.0387478331803813;Груженный движется вперед;95;7530G;240;1098.0;42.0;55.900000000000006;772.0;24.0;768.0;22.0;844.0;37.0;852.0;33.0;48.0;36.0;860.0;39.0;75.65060624999998;11.0;10.6;11.2;10.6;0.5320395437573364;0.2550965832414174;0;11.02;11.02;10.6;10.6;point_90%;15;7.6;10.6;0.0;0;0;-;0.0;0;0;0.0;0.0
224;6392.0;17.0;53.7539081;86.8651785;187.0;-1.0079244746481661;-0.5314622629139037;178.0689655172447;2075.0;70.4;18.52878313355061;159.2575;-0.0285510349750178;-0.9268889568675436;0.0163148771285816;Груженный движется вперед;95;7530G;240;1003.0;50.0;81.1;772.0;24.0;768.0;22.0;844.0;37.0;852.0;33.0;48.0;36.0;860.0;39.0;75.82755902777775;12.4;5.6;12.0;17.2;0.8361765618473075;0.3685439183209094;0;11.02;7.6;10.6;18.55;point_90%;15;7.6;10.6;0.0;0;0;-;0.0;0;0;0.0;0.0
225;6410.0;16.0;53.7539687;86.8654439;188.0;1.8446464295050082;-0.6992077669289171;178.24137931034812;2075.0;70.4;18.725794518326683;157.75;-0.0520036708473539;-0.91669215866218;-0.0295707147955541;Груженный движется вперед;95;7530G;240;1130.0;56.0;100.0;772.0;24.0;768.0;22.0;844.0;37.0;852.0;33.0;48.0;36.0;860.0;39.0;76.00283680555553;8.9;8.2;14.6;7.0;0.9993270357054578;0.3231381750244684;0;11.02;7.6;15.37;18.55;point_90%;15;7.6;10.6;0.0;0;0;-;0.0;0;0;0.0;0.0
226;6432.0;15.0;53.7540319;86.8657631;191.0;1.2392141012563116;-0.6931442468079893;178.51111111111442;2075.0;71.2;22.15617660479117;161.2;-0.0071377587437544;-1.0370143774854697;-0.0224329560517997;Груженный движется вперед;95;7530G;240;1255.0;57.0;99.0;772.0;24.0;768.0;22.0;844.0;37.0;852.0;33.0;48.0;36.0;860.0;39.0;76.18194791666664;11.0;8.4;12.0;17.0;1.2356144768072548;0.4980022268611104;0;11.02;7.6;10.6;18.55;point_90%;15;7.6;10.6;0.0;0;0;-;0.0;0;0;0.0;0.0
227;6452.0;12.0;53.7541168;86.8660272;191.0;-3.441930071357162;-0.7189440138611554;178.83065134099948;2075.0;70.8;19.786023741736187;47.275;0.0122361578464362;-0.9493219129193432;0.0571020699500356;Груженный движется вперед;95;7530G;240;1289.0;17.0;26.5;772.0;24.0;768.0;22.0;844.0;37.0;852.0;33.0;48.0;36.0;860.0;39.0;76.23447569444443;11.7;9.7;10.2;18.0;1.0165548920855407;0.6687537217307025;0;11.02;7.6;10.6;18.55;point_90%;15;7.6;10.6;0.0;0;0;-;0.0;0;0;0.0;0.0
228;6468.0;11.0;53.7542066;86.8662194;188.0;1.6854349165050238;-0.7211923059318717;179.06513409962017;2075.0;72.0;16.123447202331906;78.38749999999999;-0.0734169470786173;-1.0370143774854697;-0.0305903946160905;Груженный движется вперед;95;7530G;240;1140.5;32.5;63.25;772.0;24.0;768.0;22.0;844.0;37.0;852.0;33.0;48.0;36.0;860.0;39.0;76.32157291666665;11.7;7.5;20.9;19.3;0.68778633182818;0.7769627935086162;0;11.02;7.6;21.729999999999997;18.55;point_90%;15;7.6;10.6;0.0;0;0;-;0.0;0;0;0.0;0.0
229;6480.0;11.0;53.7542777;86.8663417;193.0;0.8768620988672873;-0.7005315808711732;179.1685823754822;2075.0;72.8;11.28906713816599;109.5;-0.0101967982053635;-0.9992862241256244;-0.0152951973080452;Груженный движется вперед;95;7530G;240;886.0;48.0;100.0;772.0;24.0;768.0;22.0;844.0;37.0;852.0;33.0;48.0;36.0;860.0;39.0;76.44323958333332;9.3;11.0;16.5;9.1;0.679130067349822;0.30013085085108626;0;11.02;11.02;15.37;10.6;point_90%;15;7.6;10.6;0.0;0;0;-;0.0;0;0;0.0;0.0
230;6493.0;11.0;53.7543121;86.8665297;188.0;2.028851029277822;-0.6999210999839829;179.2919540229918;2075.0;73.6;12.952929927445222;131.45;-0.003059039461609;-1.0074436626899157;-0.0356887937187723;Груженный движется вперед;95;7530G;240;998.0;52.0;100.0;772.0;24.0;768.0;22.0;844.0;37.0;852.0;33.0;48.0;36.0;860.0;39.0;76.62580902777776;8.3;8.8;11.9;10.9;0.3885471184851574;0.6359919056451767;0;11.02;11.02;15.37;10.6;point_90%;15;7.6;10.6;0.0;0;0;-;0.0;0;0;0.0;0.0
231;6504.0;12.0;53.7543716;86.866666;185.0;-0.5596743840000535;-0.9222024605972529;179.3831417624554;2075.0;73.2;11.151347769611432;198.1;0.0601611094116447;-1.0421127765881513;0.0101967982053635;Груженный движется вперед;95;7530G;240;1213.0;65.0;99.0;772.0;24.0;768.0;22.0;844.0;37.0;852.0;33.0;48.0;36.0;860.0;39.0;77.01100347222221;10.1;11.4;14.6;10.2;-0.014906679635430783;1.0880603000512874;0;11.02;11.02;15.37;10.6;point_90%;15;7.6;10.6;12.0;1;0;[53.75464372705437, 86.86625140030984];40.771841654175375;0;0;0.0;0.0
232;6532.0;11.0;53.754597;86.8668658;179.0;-3.503008858461149;-1.0775443875781012;179.35558081764972;2075.0;72.4;28.329071603600685;163.3;-0.0305903946160905;-0.9656367900479248;0.0591414295911083;Груженный движется вперед;95;7530G;240;926.5;58.5;99.5;772.0;24.0;768.0;22.0;844.0;37.0;852.0;33.0;48.0;36.0;860.0;39.0;77.19244791666665;9.2;10.2;17.9;15.3;-0.2215027841372499;1.6081000159799013;0;11.02;11.02;15.37;15.37;point_90%;15;7.6;10.6;12.0;1;0;-;0.0;0;0;0.0;0.0
233;6545.0;12.0;53.7547174;86.8668582;182.0;1.7318098359144982;-1.243284504344844;179.32063913098392;2075.0;73.2;13.41242471672009;128.5;0.003059039461609;-0.910574079738962;-0.0275313551544814;Груженный движется вперед;95;7530G;240;994.0;52.0;100.0;772.0;24.0;768.0;22.0;844.0;37.0;852.0;33.0;48.0;36.0;860.0;39.0;77.37092013888888;11.7;7.5;15.3;15.7;-0.41226449240332896;1.6346963298115904;0;11.02;7.6;15.37;15.37;point_90%;15;7.6;10.6;12.0;1;0;-;0.0;0;0;0.0;0.0
234;6564.0;14.0;53.7548791;86.8668407;188.0;1.3546303776453972;-1.4145717386892533;179.28600901014693;2075.0;72.8;18.037479483423887;161.925;-0.0672988681553992;-0.9462628734577344;-0.0224329560517997;Груженный движется вперед;95;7530G;240;1160.0;56.0;100.0;772.0;24.0;768.0;22.0;844.0;37.0;852.0;33.0;48.0;36.0;860.0;39.0;77.55083680555555;10.3;8.3;12.5;10.3;-0.5807386019275838;1.2252559687902325;0;11.02;7.6;15.37;10.6;point_90%;15;7.6;10.6;0.0;0;0;-;0.0;0;0;0.0;0.0
235;6579.0;13.0;53.75501;86.8669204;189.0;0.05505137530678109;-1.5865550184031174;179.25938276283102;2075.0;73.2;15.487390935549415;110.025;0.040787192821454;-1.0604670133578056;-0.0010196798205363;Груженный движется вперед;95;7530G;240;862.0;49.0;100.0;772.0;24.0;768.0;22.0;844.0;37.0;852.0;33.0;48.0;36.0;860.0;39.0;77.70364930555554;8.8;9.2;15.7;12.9;-0.7204719102039268;0.7630329800777843;0;11.02;7.6;15.37;10.6;point_90%;15;7.6;10.6;0.0;0;0;-;0.0;0;0;0.0;0.0
236;6595.0;11.0;53.7551099;86.8670971;189.0;1.6884603206616635;-1.7543832712782228;179.24845269672858;2075.0;73.2;16.091378087277146;143.4;-0.1845620475170796;-0.986030386458652;-0.0295707147955541;Груженный движется вперед;95;7530G;240;1103.0;50.0;85.0;772.0;24.0;768.0;22.0;844.0;37.0;852.0;33.0;48.0;36.0;860.0;39.0;77.98248263888888;10.7;9.6;17.5;8.7;-0.8250112147262707;0.39581633067817923;0;11.02;7.6;18.55;10.6;point_90%;15;7.6;10.6;0.0;0;0;-;0.0;0;0;0.0;0.0
237;6619.0;9.0;53.7551939;86.8674371;181.0;-1.8186377266234877;-1.9132054251063546;179.26091111953187;2075.0;73.2;24.25306562375532;115.3;-0.0254919955134087;-0.9952075048434792;0.0316100744366268;Груженный движется вперед;95;7530G;240;884.0;49.0;100.0;772.0;24.0;768.0;22.0;844.0;37.0;852.0;33.0;48.0;36.0;860.0;39.0;78.11059374999999;9.7;7.7;11.2;11.7;-0.8879033129885265;-0.768800083537541;0;11.02;7.6;10.6;10.6;point_90%;15;7.6;10.6;0.0;0;0;-;0.0;0;0;0.0;0.0
238;6630.0;5.0;53.7551287;86.8675511;181.0;-0.700685261944708;-2.0581704076793033;179.30445033893318;2075.0;72.8;10.439272769898205;124.1875;0.020393596410727;-1.0003059039461608;0.0122361578464362;Груженный движется вперед;95;7530G;240;1125.0;50.0;99.5;772.0;24.0;768.0;22.0;844.0;37.0;852.0;33.0;48.0;36.0;860.0;39.0;78.2485798611111;8.0;7.5;10.3;9.6;-0.9026950024846097;-2.590741183712499;0;11.02;7.6;10.6;10.6;point_90%;15;7.6;10.6;0.0;0;0;-;0.0;0;0;0.0;0.0
239;6633.0;3.0;53.7551141;86.8675109;187.0;-2.9900875099930944;-2.184427146788854;179.38676266262485;2075.0;72.8;3.0254312988101035;128.125;-0.0326297542571632;-1.01458142143367;0.0530233506678902;Груженный стоит;95;7530G;240;1001.0;51.0;99.5;772.0;24.0;768.0;22.0;844.0;37.0;852.0;33.0;48.0;36.0;860.0;39.0;78.49771180555554;10.6;8.6;11.0;10.1;-0.8629330807084321;2.6682765619597415;0;11.02;7.6;10.6;10.6;point_90%;15;7.6;10.6;0.0;0;0;-;0.0;0;0;0.0;0.0
240;6636.0;5.0;53.755126;86.8674716;192.0;-0.5724511379034486;-2.2871245702267924;179.51554039829918;2075.0;72.4;2.902037929901626;114.9125;-0.0530233506678902;-1.0191699806260834;0.0101967982053635;Груженный движется назад;95;7530G;240;1202.0;50.0;100.0;772.0;24.0;768.0;22.0;844.0;37.0;852.0;33.0;48.0;36.0;860.0;39.0;78.6253923611111;6.8;8.7;14.9;9.4;-0.7621643451539064;3.0477101454358797;0;11.02;7.6;15.37;10.6;point_90%;15;7.6;10.6;0.0;0;0;-;0.0;0;0;0.0;0.0
241;6642.0;4.0;53.7551314;86.8673746;191.0;-1.2621655245743368;-2.361411605784908;179.69847585364846;2075.0;72.0;6.412523219955681;106.65;-0.0071377587437544;-1.018150300805547;0.0224329560517997;Груженный движется назад;95;7530G;240;922.0;49.0;100.0;772.0;24.0;768.0;22.0;844.0;37.0;852.0;33.0;48.0;36.0;860.0;39.0;78.7142673611111;9.7;7.9;9.6;11.6;-0.5939355933149437;2.5836491925680773;0;11.02;7.6;10.6;10.6;point_90%;15;7.6;10.6;0.0;0;0;-;0.0;0;0;0.0;0.0
242;6647.0;4.0;53.7551521;86.8673185;194.0;-2.040780023292838;-2.402437181254986;179.943261336365;2075.0;72.0;4.352414525335547;224.775;-0.0214132762312633;-1.0013255837666972;0.0356887937187723;Груженный движется назад;95;7530G;240;1328.0;68.0;99.0;772.0;24.0;768.0;22.0;844.0;37.0;852.0;33.0;48.0;36.0;860.0;39.0;78.9640173611111;11.7;7.3;7.0;13.1;-0.35179362268545833;2.7537899481187074;0;11.02;7.6;10.6;10.6;point_90%;15;7.6;10.6;0.0;0;0;-;0.0;0;0;0.0;0.0
243;6654.0;5.0;53.755177;86.8672154;196.0;-0.42765854523011243;-2.4053502244288145;180.25758915414113;2075.0;72.0;7.33007815485393;177.825;-0.0397675130009177;-0.9554399918425616;0.0071377587437544;Груженный движется назад;95;7530G;240;1188.0;60.0;99.0;772.0;24.0;768.0;22.0;844.0;37.0;852.0;33.0;48.0;36.0;860.0;39.0;79.16160069444443;11.0;8.3;12.6;11.1;-0.02928523075936007;2.0532458920432894;0;11.02;7.6;10.6;10.6;point_90%;15;7.6;10.6;0.0;0;0;-;0.0;0;0;0.0;0.0
244;6661.0;4.0;53.7552313;86.8671673;202.0;2.3906278311056153;-2.36529966309818;180.64915161466914;2075.0;72.0;6.823588645084531;165.8;-0.0723972672580809;-0.9987763842153564;-0.0418068726419904;Груженный движется назад;95;7530G;240;1157.0;57.0;100.0;772.0;24.0;768.0;22.0;844.0;37.0;852.0;33.0;48.0;36.0;860.0;39.0;79.16160069444443;8.4;7.3;13.8;9.3;0.3800427849694329;1.5707963267948966;0;7.6;7.6;15.37;10.6;point_90%;15;7.6;10.6;0.0;0;0;-;0.0;0;0;0.0;0.0
